AZ005_1	AZ005_2	AZ005_3	AZ005_4	AZ005_5
Angiogenesis	0	0.00675675675675676	0	0	0
Apoptosis	0	0.00704225352112676	0	0.0136986301369863	0
Cell_Cycle	0	0	0	0	0
Differentiation	0	0.0072463768115942	0	0	0
DNA_damage	0	0.0108695652173913	0	0	0
DNA_repair	0	0.00512820512820513	0	0	0
EMT	0	0	0	0	0
Hypoxia	0	0	0	0	0
Inflammation	0	0	0	0	0
Invasion	0	0.0116959064327485	0	0	0
Metastasis	0	0.0167364016736402	0.00549450549450549	0	0.00591715976331361
Proliferation	0	0.00609756097560976	0	0	0
Quiescence	0	0.00709219858156028	0	0.0138888888888889	0
Stemness	0	0	0	0	0
core_fitness	0.0036101083032491	0.0294117647058824	0.00529100529100529	0.00178571428571429	0
Oncogene	0.000953288846520496	0.0135256988277728	0.00188323917137476	0.00189933523266857	0.000952380952380952
Driver	0	0.00308641975308642	0	0	0
Tumor_Suppressor	0	0.00396301188903567	0.00286532951289398	0.00144927536231884	0.00145772594752187
lung_fitness	0.000477213075638272	0.0082703213610586	0.00190521552750655	0.00119246362985929	0.000238492725971858
lung_ctg	0	0	0	0	0
