TH103_1	TH103_2	TH103_3	TH103_4	TH103_5	TH103_6	TH103_7	TH103_8	TH103_9	TH103_10	TH103_11	TH103_12
Angiogenesis	0.00365408038976857	0.00396825396825397	0.00408163265306122	0.00504201680672269	0	0.0210526315789474	0.00478468899521531	0	0	0.00436681222707424	0.00523560209424084	0
Apoptosis	0.00368098159509202	0.00603621730382294	0.00411522633744856	0.00509337860780985	0.0078125	0	0.00242130750605327	0	0	0.00900900900900901	0	0.0161290322580645
Cell_Cycle	0.018348623853211	0.00352112676056338	0.00627352572145546	0.0122324159021407	0	0	0	0	0	0	0.00392156862745098	0
Differentiation	0.00953389830508475	0.0095389507154213	0.00931315483119907	0.00832177531206657	0	0	0.00549450549450549	0	0.00386100386100386	0.00842696629213483	0.003125	0
DNA_damage	0.00701754385964912	0.0111731843575419	0.00649350649350649	0.00793650793650794	0.0117647058823529	0	0.00883002207505519	0.00769230769230769	0	0.0190839694656489	0.00881057268722467	0.0242424242424242
DNA_repair	0.0163360560093349	0.00912408759124088	0.0102960102960103	0.00467289719626168	0.00552486187845304	0	0.00863930885529158	0	0	0	0.00420168067226891	0
EMT	0.00357568533969011	0.00191204588910134	0.00398406374501992	0.0016260162601626	0.00657894736842105	0	0	0	0	0	0	0
Hypoxia	0.0072463768115942	0.0078125	0.00944669365721997	0.00662251655629139	0.0283687943262411	0	0.00702576112412178	0	0	0.00418410041841004	0.01	0.00709219858156028
Inflammation	0.00816802800466744	0.012987012987013	0.011703511053316	0.0126984126984127	0.00574712643678161	0	0.00436681222707424	0	0	0.00746268656716418	0	0.00584795321637427
Invasion	0.00952380952380952	0.00952380952380952	0.00793650793650794	0.00974025974025974	0.0127388535031847	0	0.00680272108843537	0	0	0	0.00934579439252336	0.00645161290322581
Metastasis	0.0143646408839779	0.0204081632653061	0.018359853121175	0.0116959064327485	0.0132743362831858	0	0.00784313725490196	0.0053475935828877	0.00446428571428571	0.0125	0.0141843971631206	0.0134529147982063
Proliferation	0.00719424460431655	0.0116279069767442	0.00937081659973226	0.00821018062397373	0.0134228187919463	0	0.00229885057471264	0	0	0.00408163265306122	0	0
Quiescence	0.00245398773006135	0.00402414486921529	0.00274348422496571	0.00169491525423729	0.0078740157480315	0	0.00242718446601942	0	0.00813008130081301	0.0045045045045045	0.0109289617486339	0.00806451612903226
Stemness	0.0055005500550055	0.00336700336700337	0.00485436893203883	0.00145560407569141	0	0	0.00790513833992095	0	0	0.00946372239747634	0.00355871886120996	0
core_fitness	0.0549717057396928	0.0455508474576271	0.0508620689655172	0.057843137254902	0.0165016501650165	0	0.0476744186046512	0.00524475524475524	0.00657894736842105	0.023021582733813	0.0274809160305344	0.0115511551155116
Oncogene	0.0374855824682814	0.0277585010409438	0.0388114008489994	0.036914963744232	0.00817438692098093	0.00374531835205993	0.0257352941176471	0.00187441424554827	0.0128205128205128	0.0160202360876897	0.0165505226480836	0.0118829981718464
Driver	0.0141987829614604	0.0133729569093611	0.0166852057842047	0.0170827858081472	0.0032258064516129	0	0.0118845500848896	0	0	0.00995024875621891	0.00821917808219178	0.00983606557377049
Tumor_Suppressor	0.0177304964539007	0.017304189435337	0.0211960635881908	0.0151133501259446	0.00134228187919463	0.0028328611898017	0.012770137524558	0.00427350427350427	0.0027027027027027	0.00960384153661465	0.00500625782227785	0.00677506775067751
lung_fitness	0.071087993064586	0.0398021137845739	0.0600305610128793	0.051505016722408	0.00615093446889047	0.00190159258378892	0.034655722754218	0.00214132762312634	0.0066334991708126	0.0154133582438113	0.0141176470588235	0.00687040985548448
lung_ctg	0	0	0	0	0	0	0	0	0	0	0	0
