TH155_1	TH155_2	TH155_3	TH155_4	TH155_5	TH155_6	TH155_7	TH155_8	TH155_9	TH155_10	TH155_11
Angiogenesis	0.00245098039215686	0	0	0	0	0	0	0	0	0	0
Apoptosis	0.0075	0	0.00952380952380952	0	0.00833333333333333	0	0	0	0	0	0
Cell_Cycle	0.00852878464818763	0	0.00571428571428571	0.02	0.00526315789473684	0.00558659217877095	0.012396694214876	0.00581395348837209	0.00671140939597315	0.00512820512820513	0.0165745856353591
Differentiation	0.00938086303939963	0.00390625	0.00416666666666667	0.00313479623824451	0.00392156862745098	0.00409836065573771	0.00649350649350649	0.00421940928270042	0	0	0
DNA_damage	0.0045045045045045	0.00609756097560976	0.00675675675675676	0.00884955752212389	0.00613496932515337	0	0.00925925925925926	0.0138888888888889	0	0	0
DNA_repair	0.0110864745011086	0.0115606936416185	0.0127388535031847	0.00421940928270042	0	0.00617283950617284	0.00884955752212389	0	0	0	0
EMT	0.00945626477541371	0	0	0	0	0.0075187969924812	0	0	0	0.00671140939597315	0
Hypoxia	0.00963855421686747	0.0072992700729927	0.00826446280991736	0.005	0.00735294117647059	0	0.00526315789473684	0.00847457627118644	0	0.00709219858156028	0.00775193798449612
Inflammation	0.00447427293064877	0	0	0	0	0	0	0	0	0.00584795321637427	0
Invasion	0.0140515222482436	0	0.00740740740740741	0.00938967136150235	0.0134228187919463	0	0.0148514851485149	0	0.0185185185185185	0.00645161290322581	0
Metastasis	0.0161616161616162	0.00909090909090909	0.0048780487804878	0.0142348754448399	0.0091324200913242	0.00478468899521531	0.0110294117647059	0.00495049504950495	0	0.00444444444444444	0.00469483568075117
Proliferation	0.00950118764845606	0.00699300699300699	0.0078740157480315	0.0147058823529412	0	0.00763358778625954	0	0	0	0.00680272108843537	0.00740740740740741
Quiescence	0	0	0	0	0	0	0	0	0	0	0
Stemness	0.00808080808080808	0	0	0.0107913669064748	0	0	0.0037037037037037	0	0	0	0
core_fitness	0.0570071258907363	0.015	0.0136752136752137	0.0306748466257669	0.0133333333333333	0.0135823429541596	0.0425196850393701	0.013745704467354	0.00710479573712256	0.0149006622516556	0.0117845117845118
Oncogene	0.0244263508512213	0.00546946216955333	0.00369344413665743	0.0112749349522984	0.00639269406392694	0.00367985280588776	0.0104895104895105	0.0037037037037037	0.000943396226415094	0.00544959128065395	0.00550964187327824
Driver	0.0121107266435986	0	0	0.0110192837465565	0.0033112582781457	0.00343642611683849	0.00280898876404494	0.00352112676056338	0	0	0.00338983050847458
Tumor_Suppressor	0.012909632571996	0.00407608695652174	0	0.00627352572145546	0.00135685210312076	0.00414364640883978	0.0050761421319797	0	0	0.00134770889487871	0.00274348422496571
lung_fitness	0.0340338053905893	0.00639962076321403	0.00594530321046373	0.0122151750058727	0.0054476551397442	0.00403130187336969	0.0139150943396226	0.00475398145947231	0.00286259541984733	0.00615530303030303	0.00521821631878558
lung_ctg	0	0	0	0	0	0	0	0	0	0	0
