TH169_1	TH169_2	TH169_3	TH169_4	TH169_5	TH169_6	TH169_7	TH169_8	TH169_9	TH169_10	TH169_11	TH169_12	TH169_13	TH169_14	TH169_15	TH169_16	TH169_17	TH169_18	TH169_19	TH169_20	TH169_21	TH169_22	TH169_23	TH169_24	TH169_25	TH169_26	TH169_27	TH169_28	TH169_29	TH169_30	TH169_31	TH169_32	TH169_33	TH169_34	TH169_35	TH169_36	TH169_37	TH169_38	TH169_39	TH169_40	TH169_41	TH169_42	TH169_43	TH169_44	TH169_45	TH169_46	TH169_47	TH169_48	TH169_49	TH169_50	TH169_51	TH169_52	TH169_53	TH169_54	TH169_55	TH169_56	TH169_57	TH169_58	TH169_59	TH169_60	TH169_61	TH169_62	TH169_63	TH169_64	TH169_65	TH169_66	TH169_67	TH169_68	TH169_69	TH169_70
Angiogenesis	0	0	0	0.00131578947368421	0	0	0	0	0	0	0	0	0	0	0	0	0	0	0	0	0	0	0	0	0	0	0	0	0	0	0	0	0	0	0	0	0	0	0	0	0	0	0	0	0	0	0	0	0	0	0	0	0	0	0	0	0	0	0	0	0	0	0	0	0	0	0	0	0	0
Apoptosis	0.0131578947368421	0	0	0.00398936170212766	0	0.00284090909090909	0.00413223140495868	0.0087719298245614	0	0	0	0	0	0	0	0	0	0.00552486187845304	0	0	0	0	0	0	0	0	0	0	0	0	0	0	0	0	0	0	0.00970873786407767	0	0	0	0	0	0	0	0	0	0	0	0	0	0.0111111111111111	0	0	0	0.0138888888888889	0	0	0	0	0	0	0	0	0	0	0.01	0	0	0	0
Cell_Cycle	0	0	0	0.00364963503649635	0	0.00388098318240621	0.0050314465408805	0	0.00719424460431655	0	0	0	0	0	0	0	0	0.00398406374501992	0	0	0.00632911392405063	0.00641025641025641	0	0	0	0	0	0	0	0.00684931506849315	0	0	0.00684931506849315	0.00714285714285714	0	0	0	0	0	0	0	0	0	0	0	0	0	0	0	0	0	0	0	0	0	0	0	0	0	0	0	0	0	0	0	0	0.00709219858156028	0	0	0
Differentiation	0	0	0	0.00564971751412429	0	0.00718562874251497	0.00699300699300699	0.00550964187327824	0	0	0	0	0	0	0	0	0	0.012779552715655	0.00478468899521531	0	0	0	0	0.00465116279069767	0.00480769230769231	0	0	0	0	0	0	0	0	0	0	0	0.00420168067226891	0	0	0.003584229390681	0	0	0	0	0.00485436893203883	0	0	0	0	0	0	0.00454545454545455	0	0	0	0	0	0	0	0	0	0	0	0	0	0	0	0	0	0
DNA_damage	0	0	0	0.00884955752212389	0	0.0121621621621622	0.00915032679738562	0.00367647058823529	0	0	0.00833333333333333	0.008	0	0	0	0	0	0.00446428571428571	0	0	0	0	0	0	0	0	0	0	0	0.00840336134453781	0	0	0	0	0	0	0	0	0	0.0053475935828877	0	0.00769230769230769	0	0	0	0	0.00826446280991736	0	0	0	0.0075187969924812	0	0	0	0	0	0	0	0	0	0.00709219858156028	0	0	0.00709219858156028	0	0	0	0.00806451612903226	0	0
DNA_repair	0	0	0	0.0112640801001252	0	0.00930851063829787	0.0116429495472186	0.00354609929078014	0	0	0	0	0	0	0	0.008	0.00680272108843537	0.0129310344827586	0.0078740157480315	0.00704225352112676	0	0	0	0	0	0	0	0.00826446280991736	0	0	0	0	0.00775193798449612	0	0	0	0.00641025641025641	0	0	0.0102040816326531	0.00826446280991736	0	0.0075187969924812	0	0	0.00746268656716418	0	0	0	0.0075187969924812	0	0	0.00735294117647059	0	0	0.00680272108843537	0	0.00719424460431655	0	0	0.00662251655629139	0	0	0	0	0	0.00806451612903226	0.00746268656716418	0	0.00689655172413793
EMT	0	0	0	0.00516129032258065	0	0.00412654745529574	0.00534045393858478	0.00395256916996047	0	0	0	0	0	0	0	0	0	0.00980392156862745	0.0102040816326531	0	0	0	0	0	0	0	0.00961538461538462	0	0	0	0	0.00869565217391304	0	0	0	0	0.0078740157480315	0.00900900900900901	0.00961538461538462	0.0119760479041916	0	0.00900900900900901	0.00961538461538462	0	0	0	0	0	0	0	0.0087719298245614	0	0	0	0	0	0	0	0	0.01	0.00819672131147541	0.0101010101010101	0.0105263157894737	0	0	0	0	0	0	0
Hypoxia	0	0	0	0.00390625	0	0.00417246175243394	0.00404312668463612	0.00408163265306122	0	0	0	0	0	0	0	0	0	0.0102040816326531	0	0	0	0	0	0	0	0	0	0	0	0	0	0	0	0	0	0	0	0.00970873786407767	0	0.00625	0	0	0.0104166666666667	0	0	0	0	0	0	0	0.00943396226415094	0	0	0	0	0	0	0	0	0.0108695652173913	0	0.010989010989011	0.0114942528735632	0.0087719298245614	0	0	0	0	0	0
Inflammation	0	0	0	0.00881612090680101	0	0.0053475935828877	0.00518806744487678	0.0147058823529412	0.00869565217391304	0	0	0	0	0	0	0	0.00714285714285714	0.0133333333333333	0.00833333333333333	0	0.00746268656716418	0.00757575757575758	0	0	0.00840336134453781	0.00869565217391304	0	0	0	0	0	0.0072992700729927	0.00819672131147541	0	0.00813008130081301	0	0	0	0	0.0159574468085106	0	0	0	0.0151515151515152	0	0	0	0.00840336134453781	0	0	0	0	0.00775193798449612	0	0	0	0.00757575757575758	0.00757575757575758	0	0.0165289256198347	0	0	0	0	0	0	0	0.0078740157480315	0.00775193798449612	0.0072463768115942
Invasion	0	0	0	0.00641025641025641	0	0.00546448087431694	0.00529801324503311	0.00386100386100386	0	0	0	0	0	0	0	0	0	0.0143540669856459	0	0.00840336134453781	0	0	0	0	0	0	0	0	0	0	0.0102040816326531	0	0	0	0	0	0	0	0	0.0115606936416185	0	0	0	0	0.0099009900990099	0	0	0	0	0	0	0	0	0	0	0	0	0	0	0	0	0	0	0	0	0	0	0	0	0
Metastasis	0	0.00561797752808989	0	0.0251798561151079	0	0.0280612244897959	0.0234567901234568	0.03125	0	0	0	0	0.00588235294117647	0	0.00595238095238095	0	0.0103626943005181	0.032967032967033	0.00574712643678161	0.00529100529100529	0.0106951871657754	0	0	0	0	0.0119047619047619	0.00555555555555556	0	0	0.00568181818181818	0	0.00523560209424084	0	0	0.00564971751412429	0	0.0149253731343284	0	0.00555555555555556	0.00823045267489712	0	0.010752688172043	0	0	0	0.00552486187845304	0	0	0	0	0.0268817204301075	0	0	0	0	0.0103626943005181	0.00537634408602151	0.00537634408602151	0	0.00568181818181818	0.0153061224489796	0	0	0.0257731958762887	0	0.0151515151515152	0.00584795321637427	0.0111111111111111	0.0165745856353591	0
Proliferation	0.0102040816326531	0	0	0.00778210116731518	0	0.00970873786407767	0.00670241286863271	0	0	0	0.0101010101010101	0	0	0	0	0	0.00862068965517241	0.00492610837438424	0	0.00900900900900901	0	0	0	0	0	0	0.00980392156862745	0	0	0	0	0	0	0	0.0101010101010101	0	0	0	0	0.00602409638554217	0	0	0	0	0	0	0	0	0	0.00980392156862745	0	0	0	0	0	0	0	0	0	0	0.00833333333333333	0.0103092783505155	0	0	0	0	0	0	0	0
Quiescence	0	0	0	0.00132802124833997	0	0.00142045454545455	0.00137551581843191	0	0	0	0	0	0	0	0	0	0	0	0	0	0	0	0	0	0	0	0	0	0	0	0	0	0	0	0	0	0	0	0	0	0	0	0	0	0	0	0	0	0	0	0	0	0	0	0	0	0	0	0	0	0	0	0	0	0	0	0	0	0	0
Stemness	0	0	0	0.00591016548463357	0	0.00375469336670839	0.00855745721271394	0.00928792569659443	0	0	0	0	0	0	0	0	0	0.0036101083032491	0.00588235294117647	0	0.0109289617486339	0.00549450549450549	0	0	0	0	0	0	0	0	0	0	0	0	0	0	0	0	0	0.00416666666666667	0	0	0	0.00546448087431694	0	0	0	0	0	0	0	0	0.00558659217877095	0	0	0	0.00549450549450549	0.00549450549450549	0	0.00581395348837209	0	0	0	0	0	0	0	0.00564971751412429	0.00558659217877095	0
core_fitness	0.00355871886120996	0.00532859680284192	0.00359066427289048	0.0498732037193576	0.0017825311942959	0.0474100087796313	0.0464716006884682	0.0257510729613734	0.00179856115107914	0	0.00533807829181495	0.00706713780918728	0.00179533213644524	0.00357142857142857	0.0018018018018018	0.00178890876565295	0.0157068062827225	0.0276497695852535	0	0.0140597539543058	0.0105263157894737	0.00701754385964912	0.00179533213644524	0.00530973451327434	0.00178571428571429	0	0.00353356890459364	0	0	0	0	0.00695652173913044	0	0.00179533213644524	0.00533807829181495	0	0.0137221269296741	0.00524475524475524	0.00353356890459364	0.0193548387096774	0	0.00349040139616056	0.0088809946714032	0.00700525394045534	0.0017921146953405	0.00352733686067019	0.00711743772241993	0	0.0070298769771529	0.00709219858156028	0.0087260034904014	0.00526315789473684	0.00351493848857645	0	0.00178890876565295	0.0104166666666667	0.0034965034965035	0.00525394045534151	0	0.00177619893428064	0.00514579759862779	0.0035650623885918	0	0.00860585197934595	0.0106007067137809	0.0103092783505155	0	0.00176056338028169	0.00528169014084507	0.0104529616724739
Oncogene	0	0	0	0.0382775119617225	0.00189753320683112	0.040715607649599	0.0395136778115502	0.0159395973154362	0	0.000951474785918173	0	0	0	0.000947867298578199	0	0	0.00279589934762349	0.0130662020905923	0.00380228136882129	0.00469043151969981	0.00375234521575985	0.00187617260787992	0	0	0.00189933523266857	0.000952380952380952	0.000942507068803016	0	0	0.00189393939393939	0	0.000932835820895522	0.0028436018957346	0	0.00284090909090909	0	0.00370027752081406	0.00187441424554827	0	0.00446030330062444	0	0.00375586854460094	0.0028328611898017	0.00187441424554827	0	0.000941619585687382	0	0	0.00187793427230047	0.00188679245283019	0.00657276995305164	0.00281954887218045	0.00093984962406015	0.000953288846520496	0	0.00186219739292365	0.00187617260787992	0.0028169014084507	0	0.000946073793755913	0.00465116279069767	0.0018957345971564	0.000950570342205323	0.00558659217877095	0	0.00278035217794254	0.000950570342205323	0.00472589792060491	0.00377002827521206	0.00186567164179104
Driver	0	0	0	0.0184782608695652	0	0.018348623853211	0.0156075808249721	0.00733496332518337	0	0	0	0	0	0	0	0	0	0.00831024930747922	0.00390625	0	0.00743494423791822	0	0	0	0.00392156862745098	0	0	0	0	0.00387596899224806	0	0	0	0	0	0	0.0106007067137809	0	0	0.00306748466257669	0	0	0	0	0	0	0	0	0	0	0.00367647058823529	0.00374531835205993	0	0	0	0	0	0	0	0	0.00357142857142857	0	0	0.00716845878136201	0	0	0	0.00380228136882129	0.00377358490566038	0
Tumor_Suppressor	0	0	0	0.0238805970149254	0.00144717800289436	0.0247869868319132	0.0227963525835866	0.00953516090584029	0	0.00291545189504373	0	0.00286532951289398	0.00145560407569141	0	0	0	0.00140646976090014	0.0101137800252845	0.00435413642960813	0.00426136363636364	0.00284090909090909	0.00284900284900285	0	0.0028735632183908	0.00290275761973875	0.00145772594752187	0.00143472022955524	0	0	0.00144300144300144	0	0.00141242937853107	0.00144300144300144	0	0.00144092219020173	0	0.00278164116828929	0.00284495021337127	0	0.00660501981505945	0	0.00427350427350427	0	0.00570613409415121	0	0	0	0.00144927536231884	0	0	0.0028328611898017	0.00428571428571429	0.00142857142857143	0	0	0.0028169014084507	0	0.00284900284900285	0	0.00144300144300144	0.0070323488045007	0	0	0.0013986013986014	0	0.00279329608938547	0.00145348837209302	0.00286944045911047	0.00142857142857143	0.00282485875706215
lung_fitness	0.000476303881876637	0.00142959256611866	0.000954198473282443	0.0618063112078346	0.00119217930376729	0.0589782942337207	0.0575288733928961	0.0172897196261682	0.000954653937947494	0.000238435860753457	0.00142993326978074	0.00166666666666667	0.000238435860753457	0.00143095635583115	0.000238549618320611	0.000953970903887431	0.00356803044719315	0.013653483992467	0.00166984732824427	0.00333333333333333	0.00333412717313646	0.00214183722037125	0.000476985451943716	0.00166746069556932	0.00143129770992366	0.000477099236641221	0.00166746069556932	0.000477213075638272	0.000476985451943716	0.000714626012386851	0.000238549618320611	0.00309302878896027	0.00143027413587604	0.000715648854961832	0.00190748688602766	0.000238606537819136	0.00570884871550904	0.00214132762312634	0.00119047619047619	0.00707714083510262	0.000477213075638272	0.00118849536486808	0.00142891164562991	0.00237981913374584	0.000476871721506915	0.00166706358656823	0.00166825548141087	0.000476644423260248	0.0026196713503215	0.00262279446828803	0.00333253987145918	0.00166547704020937	0.00166626993572959	0	0.00119274809160305	0.00332936979785969	0.00309671272034302	0.00190340233166786	0	0.000238095238095238	0.00308788598574822	0.000953288846520496	0.000476871721506915	0.00332620574958422	0.00285918513223731	0.00380137799952483	0.000715478177915574	0.00166706358656823	0.0014278914802475	0.00285374554102259
lung_ctg	0	0	0	0	0	0	0	0	0	0	0	0	0	0	0	0	0	0	0	0	0	0	0	0	0	0	0	0	0	0	0	0	0	0	0	0	0	0	0	0	0	0	0	0	0	0	0	0	0	0	0	0	0	0	0	0	0	0	0	0	0	0	0	0	0	0	0	0	0	0
