TH185_1	TH185_2	TH185_3	TH185_4	TH185_5	TH185_6	TH185_7	TH185_8	TH185_9	TH185_10	TH185_11	TH185_12	TH185_13	TH185_14	TH185_15	TH185_16	TH185_17	TH185_18	TH185_19	TH185_20	TH185_21	TH185_22	TH185_23	TH185_24	TH185_25	TH185_26	TH185_27	TH185_28	TH185_29	TH185_30
Angiogenesis	0.00428134556574924	0.00354191263282172	0.00335195530726257	0	0.00340831629175187	0.00480769230769231	0.00353982300884956	0.00389755011135857	0.00220994475138122	0.00400801603206413	0.00352112676056338	0	0.00367917586460633	0.00313873195229127	0.01	0	0	0	0	0.0054249547920434	0.00714285714285714	0	0	0.00636942675159236	0	0	0	0	0	0
Apoptosis	0.00676923076923077	0.00118623962040332	0.00561797752808989	0.00847457627118644	0.0061770761839396	0.00603864734299517	0.00714285714285714	0.00503355704697987	0.00558035714285714	0.00606060606060606	0.006497341996456	0	0.00741839762611276	0.00759493670886076	0	0	0	0.00363636363636364	0	0.00732600732600733	0	0	0	0	0	0	0	0	0	0
Cell_Cycle	0.00648967551622419	0.00219298245614035	0.00594916170903191	0	0.00523560209424084	0.0063768115942029	0.00672268907563025	0.00592672413793103	0.00413650465356774	0.00661000944287063	0.00623936471922859	0	0.00634249471458774	0.0066626287098728	0	0	0	0.00289855072463768	0	0.00486223662884927	0	0.00581395348837209	0	0	0	0	0	0	0	0
Differentiation	0.00911680911680912	0.00720164609053498	0.00838135149292824	0	0.0094577553593947	0.00896358543417367	0.00798084596967279	0.00887728459530026	0.01171875	0.00892060660124889	0.00767123287671233	0	0.00742240215924426	0.00699708454810496	0	0.00444444444444444	0	0.00488997555012225	0.00809716599190283	0.0103244837758112	0	0	0	0.0034965034965035	0	0.003690036900369	0	0	0	0.00395256916996047
DNA_damage	0.00901442307692308	0.00910125142207053	0.00880572372041827	0	0.00868983957219251	0.00766509433962264	0.0112262521588946	0.00987925356750823	0.0107066381156317	0.00775945683802134	0.00866050808314088	0	0.00863930885529158	0.00863664404688464	0	0	0.0129032258064516	0.00314465408805031	0.0129032258064516	0.0067911714770798	0	0	0	0.00515463917525773	0	0	0	0	0	0
DNA_repair	0.0107719928186715	0.00673400673400673	0.00930996714129244	0	0.00863213811420983	0.00880281690140845	0.0085397096498719	0.00982532751091703	0.00845665961945032	0.00671785028790787	0.00861079219288174	0.00735294117647059	0.00785714285714286	0.00858369098712446	0.00680272108843537	0	0	0.00611620795107034	0	0.0100502512562814	0.0053475935828877	0	0	0.00985221674876847	0	0	0	0	0	0.00584795321637427
EMT	0.00606060606060606	0.00462962962962963	0.0044296788482835	0	0.00539811066126856	0.00535395597858418	0.00523560209424084	0.00496688741721854	0.00434310532030402	0.00790513833992095	0.00582072176949942	0	0.00582241630276565	0.00435052827843381	0	0	0	0.00334448160535117	0	0.00878734622144113	0	0	0	0	0	0	0	0	0	0.00704225352112676
Hypoxia	0.00609013398294762	0.00702576112412178	0.00668896321070234	0	0.00747790618626785	0.00658288450029922	0.00615655233069481	0.00610432852386238	0.00658616904500549	0.00696517412935323	0.00702576112412178	0.0101010101010101	0.00733137829912024	0.00688791484032561	0.00909090909090909	0	0.00775193798449612	0.00343642611683849	0	0.00711743772241993	0	0	0.00909090909090909	0	0	0.0132450331125828	0	0	0	0.0150375939849624
Inflammation	0.00658288450029922	0.0090702947845805	0.00879120879120879	0	0.00934579439252336	0.00824499411071849	0.00859106529209622	0.00710382513661202	0.00959488272921109	0.00871248789932236	0.00806451612903226	0	0.00789662598707825	0.00676090964966195	0	0	0	0.00311526479750779	0.00628930817610063	0.00505902192242833	0	0	0	0.0050761421319797	0	0.0110497237569061	0	0	0	0.00609756097560976
Invasion	0.00664652567975831	0.0034443168771527	0.00608070757324489	0	0.00740740740740741	0.00652818991097923	0.00695652173913044	0.00550357732526142	0.00648648648648649	0.00884955752212389	0.00638421358096344	0	0.00798838053740015	0.00557966522008679	0	0	0	0.00327868852459016	0	0.0104529616724739	0	0.0152671755725191	0	0.0111111111111111	0	0.00602409638554217	0	0	0	0.00675675675675676
Metastasis	0.0181818181818182	0.0205405405405405	0.0161290322580645	0.00458715596330275	0.0182054616384915	0.0178674351585014	0.0182421227197347	0.0171581769436997	0.0193482688391039	0.0166975881261596	0.0174844895657078	0.00546448087431694	0.0195804195804196	0.0162162162162162	0.015625	0	0.014218009478673	0.0134770889487871	0.014218009478673	0.015625	0.00858369098712446	0.00495049504950495	0.0103626943005181	0.0120481927710843	0	0.00423728813559322	0	0.00529100529100529	0	0.0138888888888889
Proliferation	0.00484848484848485	0.00580720092915215	0.00443458980044346	0.0217391304347826	0.00540540540540541	0.00476190476190476	0.00436681222707424	0.00441744892324683	0.00764192139737991	0.00692383778437191	0.0052417006406523	0.00952380952380952	0.00509832483612527	0.0049813200498132	0.0173913043478261	0	0.00740740740740741	0.00675675675675676	0	0.00527240773286467	0	0.00806451612903226	0.0173913043478261	0.0116279069767442	0	0.00632911392405063	0	0.00900900900900901	0	0.0143884892086331
Quiescence	0.00491702519975415	0.00357142857142857	0.00449185850645705	0.00854700854700855	0.00549073438572409	0.00422195416164053	0.00356188780053428	0.00559910414333707	0.00671140939597315	0.00505050505050505	0.00531286894923259	0	0.00593031875463306	0.00505369551484523	0	0	0	0.00364963503649635	0	0.00182481751824818	0	0	0	0	0	0.00740740740740741	0	0	0	0
Stemness	0.00639163277164439	0.00642398286937901	0.00694073678590497	0	0.00774193548387097	0.00685714285714286	0.00740740740740741	0.00637958532695375	0.00808897876643074	0.00645161290322581	0.00671140939597315	0	0.00692520775623269	0.00655933214072749	0	0	0	0	0.00961538461538462	0.0078003120124805	0	0	0	0	0	0.00865800865800866	0	0	0	0
core_fitness	0.0463282405125678	0.0422866092404072	0.0468965517241379	0.00831946755407654	0.0427122263747998	0.0461613216715257	0.0426081342801808	0.0448307410795974	0.0397003745318352	0.0428973277074543	0.0438303954263935	0.00528169014084507	0.043552036199095	0.0452488687782805	0.0069204152249135	0.00173310225303293	0.00166666666666667	0.0296896086369771	0.0117845117845118	0.0318407960199005	0.0113821138211382	0.0068259385665529	0	0.00788643533123028	0	0.0196078431372549	0.0035650623885918	0.00347826086956522	0	0.011686143572621
Oncogene	0.0430450378636907	0.0345804988662132	0.0436911487758945	0.00640439158279963	0.0417198808003406	0.0445935280189424	0.0389162561576355	0.0447536667920271	0.0340659340659341	0.0318371607515658	0.044340723453909	0.00093984962406015	0.0381713271193964	0.0404367165386171	0.00279589934762349	0.00186915887850467	0.00550964187327824	0.0112630732099759	0.00366636113657195	0.0261394101876676	0.0045004500450045	0.00184842883548983	0.000930232558139535	0.00621669626998224	0	0.00720720720720721	0.000946969696969697	0.00280898876404494	0.000949667616334283	0.0045662100456621
Driver	0.0156424581005587	0.0108374384236453	0.01440329218107	0.00668896321070234	0.0129071911493546	0.013713658804169	0.0123647604327666	0.0148717948717949	0.0102611940298507	0.00942587832047986	0.0134336378291241	0	0.012491781722551	0.0131353512278698	0	0.00367647058823529	0	0.011037527593819	0.00338983050847458	0.0096551724137931	0.00316455696202532	0	0.0036231884057971	0.003003003003003	0	0	0	0	0	0
Tumor_Suppressor	0.0254893035958125	0.0181184668989547	0.0238196512122501	0.00409276944065484	0.0235872235872236	0.0256064690026954	0.0234604105571848	0.0285470813804857	0.0187919463087248	0.0215326155794807	0.0265369305616984	0	0.0275754422476587	0.0255338904363974	0	0.00141442715700141	0	0.00903954802259887	0.00136986301369863	0.0192139737991266	0	0	0.00140646976090014	0.00260756192959583	0	0.00132802124833997	0	0	0	0.00136054421768707
lung_fitness	0.109185441941075	0.0619923044035913	0.116059633893187	0.00449810606060606	0.0956487651901215	0.110046012269939	0.0779967159277504	0.11632730015083	0.0592327150084317	0.0706817231283982	0.11115347950429	0.00166626993572959	0.0907282132908874	0.105395474763102	0.00332936979785969	0.00237812128418549	0.00355197726734549	0.0225424122705089	0.00521821631878558	0.0375138734739179	0.00709387562071412	0.00332304770947069	0.00213776722090261	0.00754005655042413	0	0.00637694851204535	0.00119189511323004	0.00237868696479543	0.000238322211630124	0.00449810606060606
lung_ctg	0.000576701268742791	0	0.000529661016949153	0	0.000639386189258312	0.000566893424036281	0.000815660685154976	0.000527704485488127	0.001001001001001	0.000914076782449726	0.00111049416990561	0	0.000686813186813187	0.000591715976331361	0	0	0	0	0.00471698113207547	0	0	0	0	0	0	0	0	0	0	0
