TH205_1	TH205_2	TH205_3	TH205_4	TH205_5	TH205_6
Angiogenesis	0	0	0	0	0	0.0123456790123457
Apoptosis	0	0.0101522842639594	0.00769230769230769	0	0	0
Cell_Cycle	0	0	0	0	0.0160642570281124	0
Differentiation	0	0	0.00377358490566038	0	0.00632911392405063	0
DNA_damage	0	0.00833333333333333	0	0.00641025641025641	0.00892857142857143	0
DNA_repair	0	0.00398406374501992	0.00546448087431694	0.00602409638554217	0	0
EMT	0	0.0045045045045045	0.00649350649350649	0	0.00485436893203883	0
Hypoxia	0	0.00467289719626168	0.00684931506849315	0	0.00505050505050505	0
Inflammation	0	0.00823045267489712	0.023121387283237	0	0.00881057268722467	0
Invasion	0	0	0	0.00699300699300699	0.00471698113207547	0
Metastasis	0	0.0101351351351351	0	0	0.0107142857142857	0.00571428571428571
Proliferation	0	0.0091324200913242	0	0.00740740740740741	0.00985221674876847	0
Quiescence	0	0.0050761421319797	0.00775193798449612	0.00892857142857143	0.00552486187845304	0
Stemness	0	0.013745704467354	0	0.00478468899521531	0.0072202166064982	0
core_fitness	0	0.0238805970149254	0.0114566284779051	0.0186440677966102	0.0229007633587786	0.0035650623885918
Oncogene	0	0.0120068610634648	0.00999091734786558	0.00182982616651418	0.00779220779220779	0
Driver	0	0.0106100795755968	0.00643086816720257	0.00338983050847458	0.00550964187327824	0
Tumor_Suppressor	0.00145560407569141	0.0111524163568773	0.00268096514745308	0.00136986301369863	0.0025062656641604	0.00144508670520231
lung_fitness	0.000238435860753457	0.0128865979381443	0.00591016548463357	0.00474158368895211	0.0131733709715361	0.00119189511323004
lung_ctg	0	0	0	0	0	0
