TH218_1	TH218_2	TH218_3	TH218_4	TH218_5	TH218_6	TH218_7	TH218_8	TH218_9	TH218_10	TH218_11
Angiogenesis	0	0	0.00668896321070234	0.00256410256410256	0	0	0	0.0125	0	0	0
Apoptosis	0	0	0.00340136054421769	0.00522193211488251	0	0.0102040816326531	0	0	0	0	0
Cell_Cycle	0	0	0.00550964187327824	0.00663716814159292	0	0	0	0	0	0	0.00581395348837209
Differentiation	0	0.00381679389312977	0.00938967136150235	0.0116731517509728	0	0	0.00404858299595142	0	0.00427350427350427	0	0
DNA_damage	0.0072463768115942	0.0118343195266272	0.0119760479041916	0.014218009478673	0	0	0	0	0.0141843971631206	0.0142857142857143	0
DNA_repair	0.00675675675675676	0.0111731843575419	0.0116279069767442	0.020979020979021	0	0	0	0	0	0	0
EMT	0	0	0	0.00245098039215686	0	0	0	0	0	0	0
Hypoxia	0	0.00699300699300699	0.00974025974025974	0.0025	0	0	0	0.0111111111111111	0	0	0
Inflammation	0	0.00578034682080925	0.0118694362017804	0.00700934579439252	0	0.00694444444444444	0.00632911392405063	0	0	0	0.00675675675675676
Invasion	0	0	0.00619195046439629	0.0097323600973236	0	0	0	0	0.00775193798449612	0	0
Metastasis	0	0.00884955752212389	0.010230179028133	0.00831600831600832	0	0	0.00471698113207547	0	0.0050251256281407	0	0
Proliferation	0	0	0.00955414012738853	0.00742574257425743	0	0	0	0	0	0	0
Quiescence	0	0.00793650793650794	0	0	0	0.0103092783505155	0	0	0	0	0
Stemness	0	0.00900900900900901	0.0077319587628866	0.00627615062761506	0	0.00515463917525773	0	0	0.00512820512820513	0	0
core_fitness	0.0139130434782609	0.025	0.0440587449933244	0.0556900726392252	0	0.013840830449827	0.0169491525423729	0.00357142857142857	0.0155709342560554	0.0155979202772964	0.0120068610634648
Oncogene	0	0.00361990950226244	0.0167330677290837	0.0209267563527653	0	0.00371747211895911	0.000914913083257091	0	0.00185356811862836	0	0.00184842883548983
Driver	0	0	0.00632911392405063	0.00889679715302491	0	0	0	0	0	0	0
Tumor_Suppressor	0.00140449438202247	0.00269179004037685	0.00773480662983425	0.0151975683890578	0	0.00280112044817927	0.00137174211248285	0	0.0027972027972028	0.00280112044817927	0
lung_fitness	0.0045227326826946	0.00806069227121859	0.0279134682484299	0.0372670807453416	0	0.00451950523311132	0.00665241149916845	0.000953516090584029	0.00571428571428571	0.00451950523311132	0.00475398145947231
lung_ctg	0	0	0	0	0	0	0	0	0	0	0
