TH227_1	TH227_2	TH227_3	TH227_4	TH227_5	TH227_6	TH227_7
Angiogenesis	0.00183150183150183	0.00505050505050505	0.00384615384615385	0	0	0	0.00537634408602151
Apoptosis	0.0074487895716946	0.0104712041884817	0.00584795321637427	0	0	0	0
Cell_Cycle	0.00493421052631579	0	0.00342465753424658	0	0	0.00961538461538462	0
Differentiation	0.00595238095238095	0	0.00773993808049536	0	0	0.00732600732600733	0.00317460317460317
DNA_damage	0.0138888888888889	0.0172413793103448	0.014519056261343	0	0	0.0166666666666667	0.0135746606334842
DNA_repair	0.0050761421319797	0	0.00352733686067019	0	0	0.00520833333333333	0
EMT	0.00177304964539007	0	0.00746268656716418	0	0	0	0
Hypoxia	0.0108892921960073	0.00966183574879227	0.00757575757575758	0	0	0.00645161290322581	0.0102564102564103
Inflammation	0.00859106529209622	0.0127118644067797	0.00897666068222621	0	0	0	0.00442477876106195
Invasion	0.00528169014084507	0.00904977375565611	0.00738007380073801	0	0	0.00591715976331361	0.00476190476190476
Metastasis	0.0174603174603175	0.013840830449827	0.0283806343906511	0	0	0.0169491525423729	0.0144404332129964
Proliferation	0.0035650623885918	0.00467289719626168	0.00373134328358209	0	0	0.0125	0
Quiescence	0.00558659217877095	0.00523560209424084	0.005859375	0	0	0.0072463768115942	0.00558659217877095
Stemness	0.00791139240506329	0.00696864111498258	0.00657894736842105	0	0	0.00854700854700855	0
core_fitness	0.0394337714863498	0.0194902548725637	0.0393782383419689	0	0	0.0145631067961165	0.0182926829268293
Oncogene	0.0269905533063428	0.0111972437553833	0.0267489711934156	0	0	0.00718778077268643	0.0104347826086957
Driver	0.0111888111888112	0.0135135135135135	0.0115942028985507	0	0	0	0.011142061281337
Tumor_Suppressor	0.0140105078809107	0.00746268656716418	0.0216411181244364	0	0	0.00397877984084881	0.00630517023959647
lung_fitness	0.0359760159893404	0.0100608329433786	0.0334075723830735	0	0.000238492725971858	0.00637243332546613	0.00819672131147541
lung_ctg	0	0	0	0	0	0	0
