TH220_1	TH220_2	TH220_3	TH220_4	TH220_5	TH220_6	TH220_7	TH220_8	TH220_9	TH220_10	TH220_11	TH220_12	TH220_13	TH220_14	TH220_15	TH220_16	TH220_17	TH220_18	TH220_19	TH220_20	TH220_21	TH220_22	TH220_23	TH220_24	TH220_25	TH220_26	TH220_27	TH220_28	TH220_29	TH220_30	TH220_31	TH220_32	TH220_33	TH220_34	TH220_35	TH220_36	TH220_37	TH220_38	TH220_39	TH220_40	TH220_41	TH220_42	TH220_43	TH220_44	TH220_45	TH220_46	TH220_47	TH220_48	TH220_49	TH220_50	TH220_51	TH220_52	TH220_53	TH220_54	TH220_55	TH220_56	TH220_57
Angiogenesis	0	0	0	0	0	0	0	0	0	0	0	0	0	0	0	0	0	0	0	0	0	0	0	0	0	0	0	0	0	0	0	0	0	0	0	0	0	0	0	0	0	0	0	0	0	0	0	0	0	0	0	0	0	0	0	0	0
Apoptosis	0	0.00903614457831325	0.00632911392405063	0.00453172205438067	0.00552486187845304	0.0050251256281407	0.00362756952841596	0.00728862973760933	0.010752688172043	0.00857142857142857	0.010989010989011	0.00900900900900901	0.00635593220338983	0.00961538461538462	0	0	0.00961538461538462	0	0.00970873786407767	0.00704225352112676	0.00925925925925926	0	0.0118694362017804	0.0105263157894737	0	0.0102040816326531	0.00662251655629139	0	0.00662251655629139	0.0103092783505155	0.0131578947368421	0.00892857142857143	0.00847457627118644	0.00819672131147541	0.010752688172043	0.010752688172043	0.010752688172043	0.0111111111111111	0.00917431192660551	0.00970873786407767	0.00641025641025641	0.0106382978723404	0.00980392156862745	0.0112359550561798	0.00980392156862745	0.0103092783505155	0	0.0087719298245614	0	0.00961538461538462	0.0114942528735632	0.00862068965517241	0	0.0101010101010101	0	0.00943396226415094	0
Cell_Cycle	0	0.00496277915632754	0	0.00823045267489712	0.00398406374501992	0	0.0101010101010101	0.00794701986754967	0	0.00475059382422803	0	0	0.0111317254174397	0	0	0.00346020761245675	0	0	0	0	0.00561797752808989	0	0.0123152709359606	0	0	0	0	0	0.00452488687782805	0	0	0.00549450549450549	0	0.00636942675159236	0	0	0	0	0	0	0	0	0	0	0	0	0	0	0	0	0	0	0	0	0	0.0114285714285714	0
Differentiation	0	0.00642398286937901	0.00341296928327645	0.0050251256281407	0.00634920634920635	0.00600600600600601	0.00416233090530697	0.00609013398294762	0.0043859649122807	0.00618556701030928	0	0.0040650406504065	0.00494233937397035	0.00840336134453781	0	0.00282485875706215	0.00583090379008746	0	0.00843881856540084	0.0036101083032491	0.00411522633744856	0	0.00421940928270042	0.00434782608695652	0	0	0.00701754385964912	0.004149377593361	0.00701754385964912	0.00431034482758621	0	0.00404858299595142	0	0.00527704485488127	0.0043859649122807	0	0	0.00444444444444444	0.00823045267489712	0	0.00689655172413793	0	0.00421940928270042	0.00446428571428571	0.00421940928270042	0.00431034482758621	0.00418410041841004	0.00806451612903226	0.00413223140495868	0	0.0045045045045045	0.00398406374501992	0	0	0	0.004149377593361	0
DNA_damage	0	0.0161290322580645	0	0.00998573466476462	0.00446428571428571	0.00829875518672199	0.0104166666666667	0.00962861072902338	0	0.0102040816326531	0	0	0.00778210116731518	0.00680272108843537	0	0.0115384615384615	0.012	0.0078125	0	0.00540540540540541	0.0133333333333333	0	0.0078740157480315	0.0072463768115942	0	0.00709219858156028	0.00515463917525773	0	0.00515463917525773	0.00714285714285714	0	0.00645161290322581	0.0125	0.00696864111498258	0.00735294117647059	0	0	0.0075187969924812	0.0132450331125828	0	0.0050251256281407	0	0	0	0	0	0	0	0	0.0136986301369863	0	0	0	0	0	0.00671140939597315	0.00714285714285714
DNA_repair	0	0.0104166666666667	0	0.0041958041958042	0	0.00396825396825397	0.00684150513112885	0.00540540540540541	0	0.00246913580246914	0	0	0.00763358778625954	0	0	0.00367647058823529	0	0	0	0	0.0062111801242236	0	0.00510204081632653	0	0	0	0.00490196078431373	0	0	0	0	0	0	0.00673400673400673	0	0	0	0	0	0	0.00478468899521531	0	0	0	0	0	0	0	0	0	0	0	0	0.00657894736842105	0	0	0
EMT	0	0.00560224089635854	0.00549450549450549	0.0043731778425656	0.00980392156862745	0	0.00945626477541371	0.00846262341325811	0.00854700854700855	0.00533333333333333	0	0.00740740740740741	0.00808080808080808	0	0	0.00411522633744856	0	0	0	0	0	0	0	0	0	0.00819672131147541	0.00571428571428571	0	0.0114942528735632	0	0	0.00735294117647059	0	0.00371747211895911	0	0	0	0.0087719298245614	0	0	0	0	0	0	0	0	0	0	0	0	0	0	0	0	0	0	0
Hypoxia	0.021978021978022	0.00573065902578797	0.0115606936416185	0.00442477876106195	0.0050761421319797	0.00934579439252336	0.0023696682464455	0.00426136363636364	0	0.00271739130434783	0.00934579439252336	0	0.00408997955010225	0.00833333333333333	0	0.00425531914893617	0.00444444444444444	0.0099009900990099	0.00840336134453781	0.00632911392405063	0	0	0.00563380281690141	0.00900900900900901	0.00970873786407767	0.0087719298245614	0.00598802395209581	0	0.00598802395209581	0.0178571428571429	0	0	0	0.00383141762452107	0	0	0.00917431192660551	0.00943396226415094	0	0.00840336134453781	0.0116959064327485	0.00909090909090909	0	0.00952380952380952	0	0.0178571428571429	0.00833333333333333	0	0.00813008130081301	0	0	0.00757575757575758	0	0.00869565217391304	0	0.00819672131147541	0.00884955752212389
Inflammation	0	0.00263157894736842	0.00490196078431373	0.00851063829787234	0	0	0.0103806228373702	0.00820793433652531	0	0.00503778337531486	0	0	0.00385356454720617	0	0	0	0.0078740157480315	0	0	0.00531914893617021	0	0	0.0078125	0	0	0	0.0050761421319797	0	0	0	0	0	0	0.00343642611683849	0	0	0	0.00735294117647059	0	0	0	0	0.00675675675675676	0	0	0	0	0.00625	0.0065359477124183	0.00666666666666667	0	0	0	0.00689655172413793	0	0	0.00699300699300699
Invasion	0	0.0138888888888889	0	0.00870827285921625	0.00952380952380952	0.013215859030837	0.00584795321637427	0.00839160839160839	0	0.00789473684210526	0	0.00709219858156028	0.01	0.00746268656716418	0	0.00806451612903226	0.00418410041841004	0	0	0	0.0072463768115942	0	0.00542005420054201	0	0.00854700854700855	0.0078125	0.00552486187845304	0	0.00552486187845304	0.0078740157480315	0	0	0	0.0072992700729927	0	0.00813008130081301	0	0	0	0	0.0108108108108108	0	0	0	0	0.0078740157480315	0	0.00694444444444444	0	0	0.00854700854700855	0	0.00900900900900901	0	0	0	0
Metastasis	0.023121387283237	0.0211267605633803	0.0156862745098039	0.02	0.0180505415162455	0.0101010101010101	0.0152838427947598	0.0206451612903226	0.0104166666666667	0.0179775280898876	0.00523560209424084	0.0143540669856459	0.0176991150442478	0.0148514851485149	0	0.0126582278481013	0.0130718954248366	0.0108695652173913	0.0149253731343284	0.00829875518672199	0.0195121951219512	0.00558659217877095	0.0184757505773672	0.0155440414507772	0.0053475935828877	0.00505050505050505	0.0161290322580645	0.00975609756097561	0.0161290322580645	0.0153846153846154	0.00568181818181818	0.0142857142857143	0.00921658986175115	0.0176470588235294	0.0210526315789474	0.00518134715025907	0.00518134715025907	0.0213903743315508	0.00961538461538462	0.0149253731343284	0.0118110236220472	0	0.0252525252525253	0.0106382978723404	0.0201005025125628	0.0153846153846154	0.00985221674876847	0.018957345971564	0.00970873786407767	0.0199004975124378	0.0162162162162162	0.014018691588785	0.00552486187845304	0.0152284263959391	0.0103626943005181	0.0197044334975369	0.0206185567010309
Proliferation	0.0102040816326531	0.00563380281690141	0.0111731843575419	0.0043859649122807	0.00492610837438424	0.00909090909090909	0.00235294117647059	0.00422535211267606	0.00869565217391304	0.00267379679144385	0	0.0075187969924812	0.00404040404040404	0.00793650793650794	0	0.004149377593361	0.00869565217391304	0.0188679245283019	0.008	0.00609756097560976	0.00769230769230769	0.0099009900990099	0.00833333333333333	0.0172413793103448	0.00917431192660551	0.00833333333333333	0.00578034682080925	0.0078125	0.00578034682080925	0.0169491525423729	0	0.00746268656716418	0.00714285714285714	0.00374531835205993	0.00869565217391304	0.00869565217391304	0.00869565217391304	0.00892857142857143	0.00763358778625954	0.008	0.0112994350282486	0.00862068965517241	0.00806451612903226	0	0.00806451612903226	0.0169491525423729	0.00793650793650794	0.00735294117647059	0.00775193798449612	0	0.00917431192660551	0.0072463768115942	0.00970873786407767	0	0.00862068965517241	0.0078125	0.00840336134453781
Quiescence	0	0.00906344410876133	0	0.00302114803625378	0	0.00505050505050505	0.00241837968561064	0.00436681222707424	0	0	0	0	0.00211416490486258	0	0	0	0	0	0	0	0	0	0.00591715976331361	0	0	0	0	0	0	0	0	0	0.00854700854700855	0.00409836065573771	0	0	0	0	0	0	0	0	0	0	0	0	0	0	0	0.00970873786407767	0	0	0	0.0102040816326531	0.010752688172043	0	0
Stemness	0	0.00700934579439252	0	0.00528401585204756	0.0036101083032491	0.00338983050847458	0.00542888165038002	0.00639386189258312	0	0.00447427293064877	0	0	0.00351493848857645	0.005	0	0.00317460317460317	0	0	0.0050251256281407	0	0	0	0	0	0	0	0	0	0	0	0	0	0	0.00293255131964809	0	0	0	0.00537634408602151	0	0	0	0	0	0	0	0	0	0	0	0.005	0	0	0	0	0	0	0
core_fitness	0	0.0592783505154639	0.0157232704402516	0.0588235294117647	0.0198170731707317	0.0284431137724551	0.0544435548438751	0.0546105640107431	0.00693240901213172	0.0460772104607721	0.00520833333333333	0.0118243243243243	0.0594713656387665	0.00680272108843537	0	0.0381791483113069	0.0310650887573964	0.0070298769771529	0.00510204081632653	0.0260586319218241	0.0118845500848896	0.00353982300884956	0.0454545454545455	0.00690846286701209	0.00700525394045534	0.00514579759862779	0.0142857142857143	0.00677966101694915	0.017515923566879	0.00688468158347676	0	0.0135135135135135	0.0219224283305228	0.0338504936530324	0.00693240901213172	0.00345423143350604	0.00693240901213172	0.00347222222222222	0.00336134453781513	0.00853242320819113	0.0222222222222222	0.0121739130434783	0.00511073253833049	0.00522648083623693	0.0068259385665529	0.00862068965517241	0.0102389078498294	0.0100671140939597	0.00847457627118644	0.00509337860780985	0.0087719298245614	0.0168350168350168	0.00530035335689046	0.00859106529209622	0.00866551126516464	0.00848896434634975	0.00688468158347676
Oncogene	0.000946073793755913	0.0201550387596899	0.00263852242744063	0.0268247036805989	0.00779896013864818	0.0094017094017094	0.0301478953356086	0.0295566502463054	0.00186393289841566	0.0167682926829268	0.000932835820895522	0.00275229357798165	0.0217543859649123	0.0018450184501845	0	0.00502092050209205	0.00846740050804403	0	0.00277264325323475	0.00536672629695885	0.00275988960441582	0	0.016141429669485	0.00186046511627907	0.000936329588014981	0.00185528756957328	0.00621669626998224	0.00276497695852535	0.00532386867790594	0.00372093023255814	0	0.000914913083257091	0.00273473108477666	0.0107084019769358	0.00279850746268657	0.00186393289841566	0.000931098696461825	0.000933706816059757	0.00367985280588776	0.00277264325323475	0.00797165633303809	0.000930232558139535	0.00277520814061055	0.000934579439252336	0.00277520814061055	0.00185701021355617	0.000921658986175115	0.00366300366300366	0.00276243093922652	0.00462534690101758	0.000936329588014981	0.00273972602739726	0.00188501413760603	0.00185356811862836	0.00279589934762349	0.00184162062615101	0.00185701021355617
Driver	0	0.00193798449612403	0	0.0107398568019093	0.00275482093663912	0.0026246719160105	0.00897308075772682	0.0127610208816705	0	0.00375234521575985	0	0	0.0138888888888889	0.00701754385964912	0	0	0.0077120822622108	0	0.00350877192982456	0	0	0	0.00770712909441233	0	0	0	0.003003003003003	0	0.003003003003003	0	0	0	0	0.00705882352941176	0	0	0	0	0.00343642611683849	0	0.0029585798816568	0	0	0	0	0	0	0.00337837837837838	0	0	0	0	0	0	0.0036231884057971	0	0
Tumor_Suppressor	0	0.00527983104540655	0.00258397932816537	0.0158478605388273	0	0.00739827373612824	0.0175808720112518	0.019485580670304	0.00140845070422535	0.00622406639004149	0	0.00137362637362637	0.00738007380073801	0.0013869625520111	0	0.0072202166064982	0	0	0.00138888888888889	0	0.00137931034482759	0	0.00524658971668416	0.00140449438202247	0.00142045454545455	0	0	0	0	0.00140056022408964	0	0.00137174211248285	0.00136054421768707	0.00232288037166086	0	0	0	0.00141442715700141	0	0	0.00259067357512953	0	0	0.00141643059490085	0.00278551532033426	0	0.0013869625520111	0.00273972602739726	0	0.00277777777777778	0	0.00273224043715847	0.00143266475644699	0.0027972027972028	0.00140646976090014	0	0
lung_fitness	0.000714626012386851	0.0293167128347184	0.00752764055516349	0.0555433105576372	0.0117481203007519	0.013595874355368	0.0635465865178188	0.0575444761695585	0.00285306704707561	0.0284861015391684	0.00285442435775452	0.00498220640569395	0.0402623840760009	0.0033214709371293	0	0.0192397935241671	0.0164165103189493	0.0026196713503215	0.00332225913621262	0.00874704491725768	0.00546318289786223	0.0016678579938051	0.0280911812111444	0.00332857822158821	0.00237981913374584	0.00284967941106626	0.00825277057297807	0.00213169114163903	0.00849056603773585	0.00332699619771863	0.000714626012386851	0.00474270808631729	0.00807792824899026	0.0176991150442478	0.00309155766944114	0.00142450142450142	0.00261468980270977	0.00166349809885932	0.00426944971537002	0.00356040826014716	0.00895592740985152	0.00380680466333571	0.00165876777251185	0.00237868696479543	0.00308495491219744	0.00308861962461392	0.0040360873694207	0.00426439232409382	0.00236854571293226	0.00427451911659938	0.00214132762312634	0.00616844602609727	0.00142857142857143	0.00332541567695962	0.00237586124970302	0.0033198956604221	0.00261220612681073
lung_ctg	0	0	0	0	0	0	0	0	0	0	0	0	0	0	0	0	0	0	0	0	0	0	0	0	0	0	0	0	0	0	0	0	0	0	0	0	0	0	0	0	0	0	0	0	0	0	0	0	0	0	0	0	0	0	0	0	0
