from	to
1	15	11
2	11	29
3	29	30
4	29	46
5	29	66
6	11	64
7	64	50
8	11	70
9	15	12
10	12	8
11	12	10
12	10	25
13	10	36
14	15	13
15	15	16
16	16	9
17	9	5
18	5	3
19	3	7
20	7	6
21	3	20
22	20	37
23	20	52
24	20	53
25	3	27
26	3	47
27	3	48
28	48	21
29	48	38
30	48	39
31	48	40
32	3	49
33	49	61
34	3	54
35	3	68
36	68	1
37	1	28
38	1	31
39	1	59
40	68	14
41	14	42
42	42	22
43	68	23
44	68	32
45	68	41
46	68	57
47	68	58
48	5	24
49	5	45
50	9	44
51	44	55
52	55	4
53	55	17
54	44	67
55	9	51
56	16	34
57	16	43
58	43	18
59	16	60
60	16	62
61	15	19
62	15	26
63	15	35
64	35	2
65	2	33
66	35	56
67	15	63
68	15	65
69	15	69
