clone_1	clone_2	clone_3	clone_4	clone_5
target_cancer_0_cancer	0.0153846153846154	0.0111111111111111	0.0130718954248366	0.00662251655629139	0.0113989637305699
target_cancer_12_cancer	0.0167064439140811	0.0113636363636364	0.0136054421768707	0.00689655172413793	0.0125260960334029
target_cancer_14_cancer	0.0152761457109283	0.0108695652173913	0.0125786163522013	0.00636942675159236	0.0113285272914521
target_cancer_18_cancer	0.0128805620608899	0.003584229390681	0.0062111801242236	0	0.0102774922918808
target_cancer_23_cancer	0.0158371040723982	0.00967741935483871	0.0103626943005181	0.00523560209424084	0.0119521912350598
target_cancer_9_cancer	0.0132211538461538	0.0078125	0.00719424460431655	0	0.0126448893572181
target_cancer_10_cancer	0.016548463356974	0.0110294117647059	0.0129032258064516	0.0065359477124183	0.0124223602484472
target_cancer_11_cancer	0.0155688622754491	0.0115384615384615	0.013986013986014	0.00709219858156028	0.0125786163522013
target_cancer_15_cancer	0.0156062424969988	0.0116279069767442	0.0141843971631206	0.00719424460431655	0.0115424973767051
target_cancer_2_cancer	0.0142517814726841	0.00749063670411985	0.0134228187919463	0	0.0114464099895942
target_cancer_20_cancer	0.0161662817551963	0.0102739726027397	0.0114285714285714	0.00578034682080925	0.0121703853955375
target_cancer_5_cancer	0.0166468489892985	0.0112359550561798	0.0133333333333333	0.00675675675675676	0.0124869927159209
target_cancer_1_cancer	0.0122699386503067	0.00840336134453781	0.0166666666666667	0	0.00963597430406852
target_cancer_17_cancer	0.015531660692951	0.0114503816793893	0.0137931034482759	0.00699300699300699	0.0125523012552301
target_cancer_13_cancer	0.0154946364719905	0.0113636363636364	0.0136054421768707	0.00689655172413793	0.0125260960334029
target_cancer_6_cancer	0.0145985401459854	0.00809716599190283	0.0155038759689922	0	0.0116896918172157
target_cancer_22_cancer	0.0134146341463415	0.00819672131147541	0.0078740157480315	0.00806451612903226	0.0106496272630458
target_cancer_21_cancer	0.00976800976800977	0.00833333333333333	0.0163934426229508	0	0.00746268656716418
target_cancer_4_cancer	0.0157004830917874	0.0118577075098814	0.0147058823529412	0.00746268656716418	0.0126715945089757
target_cancer_3_cancer	0.0157958687727825	0.0120967741935484	0.0152671755725191	0.00775193798449612	0.0116648992576882
target_cancer_7_cancer	0.0145454545454545	0.008	0.0151515151515152	0	0.0105820105820106
target_cancer_19_cancer	0.00754716981132075	0.00934579439252336	0.0103092783505155	0	0.00657174151150055
target_cancer_16_cancer	0.0160098522167488	0.0126582278481013	0.0166666666666667	0.00847457627118644	0.0118025751072961
target_cancer_8_cancer	0.013715710723192	0.00884955752212389	0.0185185185185185	0	0.01085776330076
target_cancer_0_B-cells-M	0.00126582278481013	0	0	0	0.00110132158590308
target_cancer_12_B-cells-M	0.00127388535031847	0	0	0	0.00110741971207087
target_cancer_14_B-cells-M	0.00126103404791929	0	0	0	0.00109769484083425
target_cancer_18_B-cells-M	0.00126903553299492	0	0	0	0.0011037527593819
target_cancer_23_B-cells-M	0.00126582278481013	0	0	0	0.00110132158590308
target_cancer_9_B-cells-M	0.00127226463104326	0	0	0	0.00110619469026549
target_cancer_10_B-cells-M	0.00127064803049555	0	0	0	0.00110497237569061
target_cancer_11_B-cells-M	0.00127388535031847	0	0	0	0.00110741971207087
target_cancer_15_B-cells-M	0.00127388535031847	0	0	0	0.00110741971207087
target_cancer_2_B-cells-M	0.00127064803049555	0	0	0	0.00110497237569061
target_cancer_20_B-cells-M	0.00126742712294043	0	0	0	0.00110253583241455
target_cancer_5_B-cells-M	0.00127388535031847	0	0	0	0.00110741971207087
target_cancer_13_B-cells-M	0.00127877237851662	0	0	0	0.00111111111111111
target_cancer_16_B-cells-M	0.00128205128205128	0	0	0	0.00111358574610245
target_cancer_17_B-cells-M	0.00128040973111396	0	0	0	0.00111234705228031
target_cancer_3_B-cells-M	0.00128205128205128	0	0	0	0.00111358574610245
target_cancer_4_B-cells-M	0.00128369704749679	0	0	0	0.00111482720178372
target_cancer_6_B-cells-M	0.00127877237851662	0	0	0	0.00111111111111111
target_cancer_7_B-cells-M	0.00127877237851662	0	0	0	0.00111111111111111
target_cancer_8_B-cells-M	0.00128205128205128	0	0	0	0.00111358574610245
target_cancer_1_B-cells-M	0	0	0	0	0
target_cancer_21_B-cells-M	0	0	0	0	0
target_cancer_22_B-cells-M	0	0	0	0	0
target_cancer_0_B-cells-PB	0.00745341614906832	0.00444444444444444	0.00934579439252336	0.00961538461538462	0.00541125541125541
target_cancer_12_B-cells-PB	0.00748129675810474	0.0045045045045045	0.00961538461538462	0.0099009900990099	0.00542888165038002
target_cancer_14_B-cells-PB	0.00742574257425743	0.0043859649122807	0.00909090909090909	0.00934579439252336	0.00539374325782093
target_cancer_18_B-cells-PB	0.00496277915632754	0	0	0	0.00432900432900433
target_cancer_23_B-cells-PB	0.00740740740740741	0.00434782608695652	0.00892857142857143	0.00917431192660551	0.00538213132400431
target_cancer_9_B-cells-PB	0.0050125313283208	0	0	0	0.00546448087431694
target_cancer_10_B-cells-PB	0.0075	0.00454545454545455	0.00980392156862745	0.0101010101010101	0.00544069640914037
target_cancer_11_B-cells-PB	0.006265664160401	0.00460829493087558	0	0.0104166666666667	0.00545851528384279
target_cancer_15_B-cells-PB	0.00750938673341677	0.0045662100456621	0.0099009900990099	0.0102040816326531	0.00544662309368192
target_cancer_2_B-cells-PB	0.00624219725343321	0	0.00980392156862745	0	0.00434782608695652
target_cancer_20_B-cells-PB	0.00738916256157635	0.00431034482758621	0.0087719298245614	0.00900900900900901	0.00537056928034372
target_cancer_5_B-cells-PB	0.0075	0.00454545454545455	0.00980392156862745	0.0101010101010101	0.00544069640914037
target_cancer_22_B-cells-PB	0.00633713561470215	0.00480769230769231	0.0111111111111111	0.0114942528735632	0.00440528634361234
target_cancer_4_B-cells-PB	0.00753768844221105	0.00462962962962963	0.0102040816326531	0.0105263157894737	0.00546448087431694
target_cancer_6_B-cells-PB	0.00504413619167718	0	0	0	0.00439077936333699
target_cancer_1_B-cells-PB	0.00379266750948167	0	0.0111111111111111	0	0.0021978021978022
target_cancer_17_B-cells-PB	0.00750938673341677	0.0045662100456621	0.0099009900990099	0.0102040816326531	0.00544662309368192
target_cancer_13_B-cells-PB	0.00752823086574655	0.00460829493087558	0.0101010101010101	0.0104166666666667	0.00545851528384279
target_cancer_3_B-cells-PB	0.00755667506297229	0.00467289719626168	0.0104166666666667	0.010752688172043	0.00547645125958379
target_cancer_7_B-cells-PB	0.00631313131313131	0	0.010752688172043	0	0.00439077936333699
target_cancer_16_B-cells-PB	0.00763358778625954	0.00485436893203883	0.0113636363636364	0.0117647058823529	0.00552486187845304
target_cancer_8_B-cells-PB	0.00637755102040816	0	0.0117647058823529	0	0.0044296788482835
target_cancer_19_B-cells-PB	0.00256739409499358	0	0	0	0.00222965440356745
target_cancer_21_B-cells-PB	0.00254129606099111	0	0.0117647058823529	0	0.0011037527593819
target_cancer_0_Dendritic	0.00496277915632754	0	0	0	0.00541711809317443
target_cancer_12_Dendritic	0.00375	0	0	0	0.00436205016357688
target_cancer_14_Dendritic	0.00495049504950495	0	0	0	0.00540540540540541
target_cancer_18_Dendritic	0.00495662949194548	0	0	0	0.00541125541125541
target_cancer_23_Dendritic	0.00611246943765281	0	0	0	0.00641711229946524
target_cancer_9_Dendritic	0.0037593984962406	0	0	0	0.00437158469945355
target_cancer_10_Dendritic	0.00496894409937888	0	0	0	0.00542299349240781
target_cancer_11_Dendritic	0.00377833753148615	0	0	0	0.00439077936333699
target_cancer_15_Dendritic	0.00375469336670839	0	0	0	0.00436681222707424
target_cancer_2_Dendritic	0.00499375780274657	0	0	0	0.00544662309368192
target_cancer_20_Dendritic	0.00493218249075216	0	0	0	0.00538793103448276
target_cancer_5_Dendritic	0.00498753117206983	0	0	0	0.00544069640914037
target_cancer_13_Dendritic	0.00374064837905237	0	0	0	0.0043525571273123
target_cancer_16_Dendritic	0.00381679389312977	0	0	0	0.0044296788482835
target_cancer_17_Dendritic	0.00377833753148615	0	0	0	0.00439077936333699
target_cancer_3_Dendritic	0.00377833753148615	0	0	0	0.00439077936333699
target_cancer_4_Dendritic	0.00378310214375788	0	0	0	0.0043956043956044
target_cancer_6_Dendritic	0.00379266750948167	0	0	0	0.00440528634361234
target_cancer_7_Dendritic	0.00251889168765743	0	0	0	0.00329308452250274
target_cancer_8_Dendritic	0.00254452926208651	0	0	0	0.00332225913621262
target_cancer_21_Dendritic	0.0012531328320802	0	0	0	0.00109170305676856
target_cancer_1_Dendritic	0.00127388535031847	0	0	0	0.00110741971207087
target_cancer_22_Dendritic	0.00255427841634738	0	0	0	0.00221975582685905
target_cancer_19_Dendritic	0.00256739409499358	0	0	0	0.00222965440356745
target_cancer_0_Mast-cells	0.00125470514429109	0	0	0	0.00218818380743982
target_cancer_12_Mast-cells	0.00126582278481013	0	0	0	0.00110132158590308
target_cancer_14_Mast-cells	0.00125470514429109	0	0	0	0.00218818380743982
target_cancer_18_Mast-cells	0.0012531328320802	0	0	0	0.00218579234972678
target_cancer_23_Mast-cells	0.0012453300124533	0	0	0	0.00217391304347826
target_cancer_9_Mast-cells	0.00252525252525253	0	0	0	0.0033003300330033
target_cancer_10_Mast-cells	0.00126103404791929	0	0	0	0.0021978021978022
target_cancer_11_Mast-cells	0.00253807106598985	0	0	0	0.00331491712707182
target_cancer_15_Mast-cells	0.00126742712294043	0	0	0	0.00110253583241455
target_cancer_2_Mast-cells	0.00125944584382872	0	0	0	0.0021953896816685
target_cancer_20_Mast-cells	0.00125	0	0	0	0.00218102508178844
target_cancer_5_Mast-cells	0.00253164556962025	0	0	0	0.00220264317180617
target_cancer_13_Mast-cells	0.00126103404791929	0	0	0	0.0021978021978022
target_cancer_16_Mast-cells	0.00127713920817369	0	0	0	0.00110987791342952
target_cancer_17_Mast-cells	0.00126742712294043	0	0	0	0.00110253583241455
target_cancer_3_Mast-cells	0.00254129606099111	0	0	0	0.00220994475138122
target_cancer_4_Mast-cells	0.00253807106598985	0	0	0	0.0022075055187638
target_cancer_6_Mast-cells	0.00127226463104326	0	0	0	0.00221483942414175
target_cancer_7_Mast-cells	0.00126903553299492	0	0	0	0.0011037527593819
target_cancer_8_Mast-cells	0.00127877237851662	0	0	0	0.00222469410456062
target_cancer_1_Mast-cells	0	0	0	0	0
target_cancer_19_Mast-cells	0	0	0	0	0
target_cancer_21_Mast-cells	0	0	0	0	0
target_cancer_22_Mast-cells	0	0	0	0	0
target_cancer_0_MF-Monocytes	0.00863131935881628	0	0.0087719298245614	0	0.00753498385360603
target_cancer_12_MF-Monocytes	0.0086848635235732	0	0.00917431192660551	0	0.00757575757575758
target_cancer_14_MF-Monocytes	0.00861008610086101	0	0.00862068965517241	0	0.0075187969924812
target_cancer_18_MF-Monocytes	0.00866336633663366	0	0.00900900900900901	0	0.00755939524838013
target_cancer_23_MF-Monocytes	0.00847457627118644	0	0.00775193798449612	0	0.00741525423728814
target_cancer_9_MF-Monocytes	0.0075	0	0	0	0.00763358778625954
target_cancer_10_MF-Monocytes	0.00866336633663366	0	0.00900900900900901	0	0.00755939524838013
target_cancer_11_MF-Monocytes	0.00875	0	0.00970873786407767	0	0.00762527233115468
target_cancer_15_MF-Monocytes	0.00870646766169154	0	0.00934579439252336	0	0.00759219088937093
target_cancer_2_MF-Monocytes	0.00865265760197775	0	0.00892857142857143	0	0.0075512405609493
target_cancer_20_MF-Monocytes	0.00855745721271394	0	0.00826446280991736	0	0.00747863247863248
target_cancer_5_MF-Monocytes	0.0086848635235732	0	0.00917431192660551	0	0.00757575757575758
target_cancer_13_MF-Monocytes	0.00867410161090459	0	0.00909090909090909	0	0.00756756756756757
target_cancer_16_MF-Monocytes	0.00883838383838384	0	0.0105263157894737	0	0.00769230769230769
target_cancer_17_MF-Monocytes	0.00878293601003764	0	0.01	0	0.00765027322404372
target_cancer_3_MF-Monocytes	0.00876095118898623	0	0.00980392156862745	0	0.00763358778625954
target_cancer_4_MF-Monocytes	0.00876095118898623	0	0.00980392156862745	0	0.00763358778625954
target_cancer_6_MF-Monocytes	0.00881612090680101	0	0.0103092783505155	0	0.00767543859649123
target_cancer_7_MF-Monocytes	0.00876095118898623	0	0.00980392156862745	0	0.00763358778625954
target_cancer_8_MF-Monocytes	0.00632911392405063	0	0.010989010989011	0	0.00550660792951542
target_cancer_21_MF-Monocytes	0.00375	0	0.0101010101010101	0	0.00217627856365615
target_cancer_1_MF-Monocytes	0.00632911392405063	0	0.010989010989011	0	0.0044004400440044
target_cancer_22_MF-Monocytes	0.00764331210191083	0	0.0114942528735632	0	0.00553097345132743
target_cancer_19_MF-Monocytes	0.00386100386100386	0	0	0	0.00335195530726257
target_cancer_0_pDCs	0.0050314465408805	0.00469483568075117	0.0105263157894737	0	0.00438116100766703
target_cancer_12_pDCs	0.00380228136882129	0.00485436893203883	0.0113636363636364	0	0.00330760749724366
target_cancer_14_pDCs	0.0050251256281407	0.00467289719626168	0.0104166666666667	0	0.00437636761487965
target_cancer_18_pDCs	0.00377358490566038	0	0	0	0.00328587075575027
target_cancer_23_pDCs	0.00498753117206983	0.00454545454545455	0.00980392156862745	0	0.00434782608695652
target_cancer_9_pDCs	0.00379746835443038	0.00483091787439614	0.0112359550561798	0	0.00330396475770925
target_cancer_10_pDCs	0.00505050505050505	0.00476190476190476	0.0108695652173913	0	0.0043956043956044
target_cancer_11_pDCs	0.00380710659898477	0.0048780487804878	0.0114942528735632	0	0.0033112582781457
target_cancer_15_pDCs	0.00380710659898477	0.0048780487804878	0.0114942528735632	0	0.0033112582781457
target_cancer_2_pDCs	0.00505689001264223	0.00478468899521531	0.010989010989011	0	0.0044004400440044
target_cancer_20_pDCs	0.00501882057716437	0.00465116279069767	0.0103092783505155	0	0.00437158469945355
target_cancer_5_pDCs	0.00505050505050505	0.00476190476190476	0.0108695652173913	0	0.0043956043956044
target_cancer_13_pDCs	0.00380710659898477	0.0048780487804878	0.0114942528735632	0	0.0033112582781457
target_cancer_16_pDCs	0.00384122919334187	0.00505050505050505	0.0125	0	0.00333704115684093
target_cancer_17_pDCs	0.00381194409148666	0.00490196078431373	0.0116279069767442	0	0.00331491712707182
target_cancer_3_pDCs	0.00382165605095541	0.00495049504950495	0.0119047619047619	0	0.00332225913621262
target_cancer_4_pDCs	0.00381679389312977	0.00492610837438424	0.0117647058823529	0	0.00331858407079646
target_cancer_6_pDCs	0.00381679389312977	0.00492610837438424	0.0117647058823529	0	0.00331858407079646
target_cancer_7_pDCs	0.00254129606099111	0.00492610837438424	0.0117647058823529	0	0.00220994475138122
target_cancer_8_pDCs	0.00384122919334187	0.00505050505050505	0.0125	0	0.00333704115684093
target_cancer_21_pDCs	0.00126262626262626	0.00483091787439614	0.0112359550561798	0	0.0010989010989011
target_cancer_1_pDCs	0.00127551020408163	0.0050251256281407	0.0123456790123457	0	0.00110864745011086
target_cancer_19_pDCs	0.00257400257400257	0.00518134715025907	0.0133333333333333	0	0.00223463687150838
target_cancer_22_pDCs	0	0	0	0	0
target_cancer_0_T-cells	0	0	0	0	0
target_cancer_12_T-cells	0	0	0	0	0
target_cancer_14_T-cells	0	0	0	0	0
target_cancer_18_T-cells	0	0	0	0	0
target_cancer_23_T-cells	0	0	0	0	0
target_cancer_9_T-cells	0	0	0	0	0
target_cancer_10_T-cells	0	0	0	0	0
target_cancer_11_T-cells	0	0	0	0	0
target_cancer_15_T-cells	0	0	0	0	0
target_cancer_2_T-cells	0	0	0	0	0
target_cancer_20_T-cells	0	0	0	0	0
target_cancer_5_T-cells	0	0	0	0	0
target_cancer_13_T-cells	0	0	0	0	0
target_cancer_1_T-cells	0	0	0	0	0
target_cancer_21_T-cells	0	0	0	0	0
target_cancer_16_T-cells	0	0	0	0	0
target_cancer_17_T-cells	0	0	0	0	0
target_cancer_22_T-cells	0	0	0	0	0
target_cancer_3_T-cells	0	0	0	0	0
target_cancer_4_T-cells	0	0	0	0	0
target_cancer_6_T-cells	0	0	0	0	0
target_cancer_7_T-cells	0	0	0	0	0
target_cancer_8_T-cells	0	0	0	0	0
target_cancer_19_T-cells	0	0	0	0	0
target_cancer_0_fibroblast	0.011070110701107	0.00851063829787234	0.0170940170940171	0.00869565217391304	0.00858369098712446
target_cancer_12_fibroblast	0.0111248454882571	0.00865800865800866	0.0176991150442478	0.00900900900900901	0.00862068965517241
target_cancer_14_fibroblast	0.0110565110565111	0.00847457627118644	0.0169491525423729	0.00862068965517241	0.00857449088960343
target_cancer_18_fibroblast	0.00861008610086101	0	0.00862068965517241	0	0.00643776824034335
target_cancer_23_fibroblast	0.0109090909090909	0.00809716599190283	0.0155038759689922	0.0078740157480315	0.00847457627118644
target_cancer_9_fibroblast	0.00875	0.00452488687782805	0.00970873786407767	0	0.00872410032715376
target_cancer_10_fibroblast	0.0110974106041924	0.00858369098712446	0.0173913043478261	0.00884955752212389	0.00860215053763441
target_cancer_11_fibroblast	0.0111801242236025	0.00881057268722467	0.018348623853211	0.00934579439252336	0.00865800865800866
target_cancer_15_fibroblast	0.011166253101737	0.0087719298245614	0.0181818181818182	0.00925925925925926	0.00864864864864865
target_cancer_2_fibroblast	0.00984009840098401	0.00425531914893617	0.0172413793103448	0	0.00751072961373391
target_cancer_20_fibroblast	0.0109223300970874	0.00813008130081301	0.015625	0.00793650793650794	0.00848356309650053
target_cancer_5_fibroblast	0.0110974106041924	0.00858369098712446	0.0173913043478261	0.00884955752212389	0.00860215053763441
target_cancer_1_fibroblast	0.00755667506297229	0.00467289719626168	0.0210526315789474	0	0.00547645125958379
target_cancer_17_fibroblast	0.011166253101737	0.0087719298245614	0.0181818181818182	0.00925925925925926	0.00864864864864865
target_cancer_13_fibroblast	0.0111248454882571	0.00865800865800866	0.0176991150442478	0.00900900900900901	0.00862068965517241
target_cancer_22_fibroblast	0.00882723833543506	0.00467289719626168	0.0104166666666667	0.010752688172043	0.00657894736842105
target_cancer_16_fibroblast	0.0113207547169811	0.00921658986175115	0.0202020202020202	0.0103092783505155	0.0087527352297593
target_cancer_3_fibroblast	0.0112219451371571	0.00892857142857143	0.0188679245283019	0.00961538461538462	0.00868621064060804
target_cancer_4_fibroblast	0.0112079701120797	0.00888888888888889	0.0186915887850467	0.00952380952380952	0.00867678958785249
target_cancer_6_fibroblast	0.0100502512562814	0.00458715596330275	0.0202020202020202	0	0.00765027322404372
target_cancer_7_fibroblast	0.0099626400996264	0.00444444444444444	0.0188679245283019	0	0.00759219088937093
target_cancer_8_fibroblast	0.00889453621346887	0.00480769230769231	0.0224719101123595	0	0.00662251655629139
target_cancer_21_fibroblast	0.00628140703517588	0.00465116279069767	0.0208333333333333	0	0.00437158469945355
target_cancer_19_fibroblast	0.00637755102040816	0.00492610837438424	0.0117647058823529	0	0.00554323725055432
target_cancer_0_alveolar_type_2	0.00985221674876847	0.00427350427350427	0.00862068965517241	0.00884955752212389	0.00643776824034335
target_cancer_12_alveolar_type_2	0.0111940298507463	0.00440528634361234	0.00917431192660551	0.00943396226415094	0.00757575757575758
target_cancer_14_alveolar_type_2	0.00984009840098401	0.00425531914893617	0.00854700854700855	0.0087719298245614	0.00643086816720257
target_cancer_15_alveolar_type_2	0.00992555831265509	0.0043859649122807	0.00909090909090909	0.00934579439252336	0.00756756756756757
target_cancer_23_alveolar_type_2	0.0097442143727162	0.00411522633744856	0.008	0.00819672131147541	0.00637619553666312
target_cancer_20_alveolar_type_2	0.00976800976800977	0.004149377593361	0.00813008130081301	0.00833333333333333	0.00638977635782748
target_cancer_1_alveolar_type_2	0.00631313131313131	0	0.010752688172043	0	0.00439077936333699
target_cancer_2_alveolar_type_2	0.00866336633663366	0	0.00900900900900901	0	0.00647249190938511
target_cancer_17_alveolar_type_2	0.0099009900990099	0.00434782608695652	0.00892857142857143	0.00917431192660551	0.0075512405609493
target_cancer_13_alveolar_type_2	0.00991325898389095	0.00436681222707424	0.00900900900900901	0.00925925925925926	0.00755939524838013
target_cancer_10_alveolar_type_2	0.0111248454882571	0.00431034482758621	0.0087719298245614	0.00900900900900901	0.00753498385360603
target_cancer_11_alveolar_type_2	0.0112781954887218	0.00909090909090909	0.0196078431372549	0.01	0.00872410032715376
target_cancer_18_alveolar_type_2	0.00863131935881628	0	0	0	0.00645161290322581
target_cancer_5_alveolar_type_2	0.0110837438423645	0.00425531914893617	0.00854700854700855	0.0087719298245614	0.00751072961373391
target_cancer_6_alveolar_type_2	0.00875	0	0.00970873786407767	0	0.00652883569096844
target_cancer_9_alveolar_type_2	0.0075	0	0	0	0.00763358778625954
target_cancer_16_alveolar_type_2	0.0100376411543287	0.0045662100456621	0.0099009900990099	0.0102040816326531	0.00764192139737991
target_cancer_3_alveolar_type_2	0.00995024875621891	0.00442477876106195	0.00925925925925926	0.00952380952380952	0.0075839653304442
target_cancer_4_alveolar_type_2	0.00995024875621891	0.00442477876106195	0.00925925925925926	0.00952380952380952	0.0075839653304442
target_cancer_7_alveolar_type_2	0.00873907615480649	0	0.00961538461538462	0	0.00652173913043478
target_cancer_8_alveolar_type_2	0.00762388818297332	0	0.0112359550561798	0	0.00551876379690949
target_cancer_21_alveolar_type_2	0.00378310214375788	0	0.0108695652173913	0	0.00219298245614035
target_cancer_22_alveolar_type_2	0.00881612090680101	0.00465116279069767	0.0103092783505155	0.0106382978723404	0.00657174151150055
target_cancer_19_alveolar_type_2	0.00127713920817369	0	0	0	0.00110987791342952
target_cancer_0_basal_cell	0.00739827373612824	0.00432900432900433	0.00884955752212389	0.00909090909090909	0.00537634408602151
target_cancer_12_basal_cell	0.00864197530864197	0.00432900432900433	0.00884955752212389	0.00909090909090909	0.00645855758880517
target_cancer_14_basal_cell	0.00736196319018405	0.00425531914893617	0.00854700854700855	0.0087719298245614	0.00535331905781585
target_cancer_15_basal_cell	0.00866336633663366	0.00436681222707424	0.00900900900900901	0.00925925925925926	0.00647249190938511
target_cancer_23_basal_cell	0.00851581508515815	0.00411522633744856	0.008	0.00819672131147541	0.00637619553666312
target_cancer_20_basal_cell	0.00851581508515815	0.00411522633744856	0.008	0.00819672131147541	0.00637619553666312
target_cancer_1_basal_cell	0.006265664160401	0	0.0101010101010101	0	0.00436205016357688
target_cancer_2_basal_cell	0.00738916256157635	0	0.0087719298245614	0	0.00537056928034372
target_cancer_17_basal_cell	0.00865265760197775	0.00434782608695652	0.00892857142857143	0.00917431192660551	0.00646551724137931
target_cancer_13_basal_cell	0.00866336633663366	0.00436681222707424	0.00900900900900901	0.00925925925925926	0.00647249190938511
target_cancer_10_basal_cell	0.00864197530864197	0.00432900432900433	0.00884955752212389	0.00909090909090909	0.00645855758880517
target_cancer_11_basal_cell	0.00870646766169154	0.00444444444444444	0.00934579439252336	0.00961538461538462	0.00650054171180932
target_cancer_18_basal_cell	0.00735294117647059	0	0.00847457627118644	0	0.0053475935828877
target_cancer_5_basal_cell	0.00864197530864197	0.00432900432900433	0.00884955752212389	0.00909090909090909	0.00645855758880517
target_cancer_9_basal_cell	0.00623441396508728	0	0	0	0.00652883569096844
target_cancer_22_basal_cell	0.00875	0.00452488687782805	0.00970873786407767	0.01	0.00652883569096844
target_cancer_4_basal_cell	0.0087173100871731	0.00446428571428571	0.00943396226415094	0.00970873786407767	0.00650759219088937
target_cancer_6_basal_cell	0.006265664160401	0	0	0	0.00545851528384279
target_cancer_3_basal_cell	0.00875	0.00452488687782805	0.00970873786407767	0.01	0.00652883569096844
target_cancer_7_basal_cell	0.00749063670411985	0	0.00970873786407767	0	0.00543478260869565
target_cancer_19_basal_cell	0.00383631713554987	0	0	0	0.00333333333333333
target_cancer_21_basal_cell	0.0050251256281407	0	0.0104166666666667	0	0.00327868852459016
target_cancer_16_basal_cell	0.00881612090680101	0.00465116279069767	0.0103092783505155	0.0106382978723404	0.00657174151150055
target_cancer_8_basal_cell	0.00762388818297332	0	0.0112359550561798	0	0.00551876379690949
target_cancer_0_ciliated_cell	0.00761421319796954	0.00480769230769231	0.0111111111111111	0.0114942528735632	0.00551267916207277
target_cancer_10_ciliated_cell	0.00758533501896334	0.004739336492891	0.010752688172043	0.0111111111111111	0.00549450549450549
target_cancer_11_ciliated_cell	0.00634517766497462	0.00483091787439614	0	0.0116279069767442	0.00551876379690949
target_cancer_13_ciliated_cell	0.00634517766497462	0.00483091787439614	0.0112359550561798	0.0116279069767442	0.00441014332965821
target_cancer_14_ciliated_cell	0.00757575757575758	0.00471698113207547	0.0106382978723404	0.010989010989011	0.00548847420417124
target_cancer_15_ciliated_cell	0.00761421319796954	0.00480769230769231	0.0111111111111111	0.0114942528735632	0.00551267916207277
target_cancer_18_ciliated_cell	0.00509554140127389	0	0	0	0.0044296788482835
target_cancer_2_ciliated_cell	0.00632111251580278	0	0.0108695652173913	0	0.0043956043956044
target_cancer_20_ciliated_cell	0.00755667506297229	0.00467289719626168	0.0104166666666667	0.010752688172043	0.00547645125958379
target_cancer_23_ciliated_cell	0.00755667506297229	0.00467289719626168	0.0104166666666667	0.010752688172043	0.00547645125958379
target_cancer_5_ciliated_cell	0.00758533501896334	0.004739336492891	0.010752688172043	0.0111111111111111	0.00549450549450549
target_cancer_6_ciliated_cell	0.00510204081632653	0	0	0	0.00443458980044346
target_cancer_9_ciliated_cell	0.00510204081632653	0	0	0	0.00554938956714761
target_cancer_1_ciliated_cell	0.00508905852417303	0	0.0116279069767442	0	0.00331491712707182
target_cancer_22_ciliated_cell	0.00764331210191083	0.0048780487804878	0.0114942528735632	0.0119047619047619	0.00553097345132743
target_cancer_12_ciliated_cell	0.00763358778625954	0.00485436893203883	0.0113636363636364	0.0117647058823529	0.00552486187845304
target_cancer_16_ciliated_cell	0.00764331210191083	0.0048780487804878	0.0114942528735632	0.0119047619047619	0.00553097345132743
target_cancer_17_ciliated_cell	0.00762388818297332	0.00483091787439614	0.0112359550561798	0.0116279069767442	0.00551876379690949
target_cancer_3_ciliated_cell	0.00763358778625954	0.00485436893203883	0.0113636363636364	0.0117647058823529	0.00552486187845304
target_cancer_4_ciliated_cell	0.00763358778625954	0.00485436893203883	0.0113636363636364	0.0117647058823529	0.00552486187845304
target_cancer_7_ciliated_cell	0.00508905852417303	0	0.0116279069767442	0	0.00331491712707182
target_cancer_21_ciliated_cell	0.0038265306122449	0	0.0120481927710843	0	0.00221483942414175
target_cancer_8_ciliated_cell	0.00640204865556978	0	0.0121951219512195	0	0.00444444444444444
target_cancer_19_ciliated_cell	0.00386100386100386	0	0	0	0.00335195530726257
target_cancer_0_club cell	0.00984009840098401	0.00854700854700855	0.0172413793103448	0.0087719298245614	0.00751072961373391
target_cancer_10_club cell	0.0110294117647059	0.00840336134453781	0.0166666666666667	0.00847457627118644	0.00855614973262032
target_cancer_11_club cell	0.0111524163568773	0.00873362445414847	0.018018018018018	0.00917431192660551	0.00863930885529158
target_cancer_12_club cell	0.0111111111111111	0.00862068965517241	0.0175438596491228	0.00892857142857143	0.00861141011840689
target_cancer_13_club cell	0.011070110701107	0.00851063829787234	0.0170940170940171	0.00869565217391304	0.00858369098712446
target_cancer_14_club cell	0.0098159509202454	0.00847457627118644	0.0169491525423729	0.00862068965517241	0.00749464668094218
target_cancer_15_club cell	0.0111248454882571	0.00865800865800866	0.0176991150442478	0.00900900900900901	0.00862068965517241
target_cancer_17_club cell	0.0110565110565111	0.00847457627118644	0.0169491525423729	0.00862068965517241	0.00857449088960343
target_cancer_18_club cell	0.00734394124847001	0	0	0	0.00641711229946524
target_cancer_2_club cell	0.00986436498150432	0.00429184549356223	0.0175438596491228	0	0.00752688172043011
target_cancer_20_club cell	0.0108695652173913	0.008	0.0151515151515152	0.00769230769230769	0.00844772967265047
target_cancer_23_club cell	0.00968523002421308	0.00809716599190283	0.0155038759689922	0.0078740157480315	0.00740740740740741
target_cancer_5_club cell	0.0110294117647059	0.00840336134453781	0.0166666666666667	0.00847457627118644	0.00855614973262032
target_cancer_6_club cell	0.0099009900990099	0.00434782608695652	0.018018018018018	0	0.0075512405609493
target_cancer_9_club cell	0.00865265760197775	0.00434782608695652	0.00892857142857143	0	0.00863930885529158
target_cancer_22_club cell	0.00876095118898623	0.00454545454545455	0.00980392156862745	0.0101010101010101	0.0065359477124183
target_cancer_4_club cell	0.0111386138613861	0.00869565217391304	0.0178571428571429	0.00909090909090909	0.00862998921251348
target_cancer_1_club cell	0.00754716981132075	0.00465116279069767	0.0208333333333333	0	0.00547045951859956
target_cancer_3_club cell	0.0111386138613861	0.00869565217391304	0.0178571428571429	0.00909090909090909	0.00862998921251348
target_cancer_7_club cell	0.00992555831265509	0.0043859649122807	0.018348623853211	0	0.00756756756756757
target_cancer_16_club cell	0.0112781954887218	0.00909090909090909	0.0196078431372549	0.01	0.00872410032715376
target_cancer_8_club cell	0.0101394169835234	0.004739336492891	0.0217391304347826	0	0.00770925110132159
target_cancer_21_club cell	0.00501882057716437	0.00465116279069767	0.0208333333333333	0	0.00327510917030568
target_cancer_19_club cell	0.0038265306122449	0.00497512437810945	0.0120481927710843	0	0.00332594235033259
target_cancer_0_hepatocyte	0.006265664160401	0	0.0101010101010101	0	0.00436205016357688
target_cancer_10_hepatocyte	0.00879396984924623	0.00460829493087558	0.0204081632653061	0	0.00655737704918033
target_cancer_11_hepatocyte	0.00887198986058302	0.00476190476190476	0.021978021978022	0	0.0066079295154185
target_cancer_12_hepatocyte	0.00759493670886076	0	0.0108695652173913	0	0.0055005500550055
target_cancer_13_hepatocyte	0.00755667506297229	0	0.0104166666666667	0	0.00547645125958379
target_cancer_14_hepatocyte	0.00628140703517588	0	0.0103092783505155	0	0.00437158469945355
target_cancer_15_hepatocyte	0.00758533501896334	0	0.010752688172043	0	0.00549450549450549
target_cancer_17_hepatocyte	0.00760456273764259	0	0.010989010989011	0	0.00550660792951542
target_cancer_18_hepatocyte	0.00755667506297229	0	0.0104166666666667	0	0.00547645125958379
target_cancer_2_hepatocyte	0.0075187969924812	0	0.01	0	0.0054525627044711
target_cancer_20_hepatocyte	0.00750938673341677	0	0.0099009900990099	0	0.00544662309368192
target_cancer_23_hepatocyte	0.00624219725343321	0	0.00980392156862745	0	0.00434782608695652
target_cancer_5_hepatocyte	0.00754716981132075	0	0.0103092783505155	0	0.00547045951859956
target_cancer_6_hepatocyte	0.00762388818297332	0	0.0112359550561798	0	0.00551876379690949
target_cancer_9_hepatocyte	0.00760456273764259	0.00478468899521531	0.010989010989011	0	0.00661521499448732
target_cancer_16_hepatocyte	0.00762388818297332	0	0.0112359550561798	0	0.00551876379690949
target_cancer_3_hepatocyte	0.00758533501896334	0	0.010752688172043	0	0.00549450549450549
target_cancer_4_hepatocyte	0.00756620428751576	0	0.0105263157894737	0	0.00548245614035088
target_cancer_7_hepatocyte	0.00887198986058302	0.00476190476190476	0.021978021978022	0	0.0066079295154185
target_cancer_8_hepatocyte	0.0076530612244898	0	0.0116279069767442	0	0.00553709856035437
target_cancer_21_hepatocyte	0.00379266750948167	0	0.0111111111111111	0	0.0021978021978022
target_cancer_19_hepatocyte	0.0012853470437018	0	0	0	0.00111607142857143
target_cancer_22_hepatocyte	0.00637755102040816	0	0.0117647058823529	0	0.0044296788482835
target_cancer_1_hepatocyte	0.00508905852417303	0	0.0116279069767442	0	0.00331491712707182
target_cancer_0_ionocyte	0.0087719298245614	0.00917431192660551	0.02	0.0102040816326531	0.00654307524536532
target_cancer_10_ionocyte	0.0112079701120797	0.00888888888888889	0.0186915887850467	0.00952380952380952	0.00867678958785249
target_cancer_11_ionocyte	0.0113493064312736	0.00930232558139535	0.0206185567010309	0.0105263157894737	0.0087719298245614
target_cancer_12_ionocyte	0.0113493064312736	0.00930232558139535	0.0206185567010309	0.0105263157894737	0.0087719298245614
target_cancer_13_ionocyte	0.0100250626566416	0.0091324200913242	0.0198019801980198	0.0101010101010101	0.00763358778625954
target_cancer_14_ionocyte	0.00875	0.00909090909090909	0.0196078431372549	0.01	0.00652883569096844
target_cancer_15_ionocyte	0.0113065326633166	0.00917431192660551	0.02	0.0102040816326531	0.0087431693989071
target_cancer_17_ionocyte	0.01125	0.00900900900900901	0.0192307692307692	0.00980392156862745	0.00870511425462459
target_cancer_18_ionocyte	0.00872817955112219	0	0.00952380952380952	0	0.00651465798045603
target_cancer_2_ionocyte	0.01	0.0045045045045045	0.0194174757281553	0	0.00761697497279652
target_cancer_20_ionocyte	0.0099009900990099	0.00873362445414847	0.018018018018018	0.00917431192660551	0.0075512405609493
target_cancer_23_ionocyte	0.0099009900990099	0.00873362445414847	0.018018018018018	0.00917431192660551	0.0075512405609493
target_cancer_5_ionocyte	0.0111801242236025	0.00881057268722467	0.018348623853211	0.00934579439252336	0.00865800865800866
target_cancer_6_ionocyte	0.00755667506297229	0.00467289719626168	0.0104166666666667	0	0.00657894736842105
target_cancer_9_ionocyte	0.00879396984924623	0.00460829493087558	0.0101010101010101	0	0.00876232201533406
target_cancer_16_ionocyte	0.0113924050632911	0.00943396226415094	0.0212765957446809	0.0108695652173913	0.0088008800880088
target_cancer_3_ionocyte	0.0112781954887218	0.00909090909090909	0.0196078431372549	0.01	0.00872410032715376
target_cancer_4_ionocyte	0.0112923462986198	0.0091324200913242	0.0198019801980198	0.0101010101010101	0.00873362445414847
target_cancer_7_ionocyte	0.00880503144654088	0.00462962962962963	0.0206185567010309	0	0.00656455142231947
target_cancer_8_ionocyte	0.00893997445721584	0.00490196078431373	0.0235294117647059	0	0.00665188470066519
target_cancer_21_ionocyte	0.0050761421319797	0.00485436893203883	0.0229885057471264	0	0.00330760749724366
target_cancer_1_ionocyte	0.00764331210191083	0.0048780487804878	0.0232558139534884	0	0.00553097345132743
target_cancer_19_ionocyte	0.00127388535031847	0	0	0	0.00110741971207087
target_cancer_22_ionocyte	0.00758533501896334	0.004739336492891	0.010752688172043	0.0111111111111111	0.00549450549450549
target_cancer_0_alveolar_type_1	0.00873907615480649	0.00904977375565611	0.0194174757281553	0.0099009900990099	0.00652173913043478
target_cancer_10_alveolar_type_1	0.00997506234413965	0.00896860986547085	0.019047619047619	0.00970873786407767	0.00760043431053203
target_cancer_11_alveolar_type_1	0.0100376411543287	0.00917431192660551	0.02	0.0102040816326531	0.00764192139737991
target_cancer_12_alveolar_type_1	0.0100755667506297	0.00930232558139535	0.0206185567010309	0.0105263157894737	0.00766703176341731
target_cancer_13_alveolar_type_1	0.0100250626566416	0.0091324200913242	0.0198019801980198	0.0101010101010101	0.00763358778625954
target_cancer_14_alveolar_type_1	0.00875	0.00909090909090909	0.0196078431372549	0.01	0.00652883569096844
target_cancer_15_alveolar_type_1	0.010062893081761	0.00925925925925926	0.0204081632653061	0.0104166666666667	0.00765864332603939
target_cancer_16_alveolar_type_1	0.0101522842639594	0.00956937799043062	0.021978021978022	0.0112359550561798	0.00771775082690187
target_cancer_17_alveolar_type_1	0.0100250626566416	0.0091324200913242	0.0198019801980198	0.0101010101010101	0.00763358778625954
target_cancer_18_alveolar_type_1	0.0075	0	0.00980392156862745	0	0.00544069640914037
target_cancer_2_alveolar_type_1	0.00878293601003764	0.00458715596330275	0.0202020202020202	0	0.00655021834061135
target_cancer_20_alveolar_type_1	0.0099009900990099	0.00873362445414847	0.018018018018018	0.00917431192660551	0.0075512405609493
target_cancer_23_alveolar_type_1	0.00864197530864197	0.00869565217391304	0.0178571428571429	0.00909090909090909	0.00645855758880517
target_cancer_3_alveolar_type_1	0.010062893081761	0.00925925925925926	0.0204081632653061	0.0104166666666667	0.00765864332603939
target_cancer_4_alveolar_type_1	0.0100502512562814	0.00921658986175115	0.0202020202020202	0.0103092783505155	0.00765027322404372
target_cancer_5_alveolar_type_1	0.00998751560549313	0.00900900900900901	0.0192307692307692	0.00980392156862745	0.00760869565217391
target_cancer_6_alveolar_type_1	0.00880503144654088	0.00462962962962963	0.0206185567010309	0	0.00656455142231947
target_cancer_7_alveolar_type_1	0.00880503144654088	0.00462962962962963	0.0206185567010309	0	0.00656455142231947
target_cancer_8_alveolar_type_1	0.0089171974522293	0.00485436893203883	0.0229885057471264	0	0.00663716814159292
target_cancer_9_alveolar_type_1	0.00754716981132075	0.00465116279069767	0.0103092783505155	0	0.00767543859649123
target_cancer_21_alveolar_type_1	0.00506970849176172	0.00483091787439614	0.0227272727272727	0	0.00330396475770925
target_cancer_1_alveolar_type_1	0.00635324015247776	0.00485436893203883	0.0229885057471264	0	0.00441501103752759
target_cancer_22_alveolar_type_1	0.00763358778625954	0.00485436893203883	0.0113636363636364	0.0117647058823529	0.00552486187845304
target_cancer_19_alveolar_type_1	0.00384615384615385	0.0050761421319797	0.0126582278481013	0	0.00334075723830735
target_cancer_0_endothelial	0.0112219451371571	0.00892857142857143	0.0188679245283019	0.00961538461538462	0.00759219088937093
target_cancer_10_endothelial	0.0123762376237624	0.00865800865800866	0.0176991150442478	0.00900900900900901	0.00862068965517241
target_cancer_11_endothelial	0.0112640801001252	0.00904977375565611	0.0194174757281553	0.0099009900990099	0.00871459694989107
target_cancer_12_endothelial	0.0125	0.00896860986547085	0.019047619047619	0.00970873786407767	0.00869565217391304
target_cancer_13_endothelial	0.0111940298507463	0.00884955752212389	0.0185185185185185	0.00943396226415094	0.00866738894907909
target_cancer_14_endothelial	0.0111801242236025	0.00881057268722467	0.018348623853211	0.00934579439252336	0.00756756756756757
target_cancer_15_endothelial	0.0112359550561798	0.00896860986547085	0.019047619047619	0.00970873786407767	0.00869565217391304
target_cancer_16_endothelial	0.0113065326633166	0.00917431192660551	0.02	0.0102040816326531	0.0087431693989071
target_cancer_17_endothelial	0.0111801242236025	0.00881057268722467	0.018348623853211	0.00934579439252336	0.00865800865800866
target_cancer_18_endothelial	0.00995024875621891	0	0.00925925925925926	0	0.00649350649350649
target_cancer_2_endothelial	0.00993788819875776	0.00440528634361234	0.0185185185185185	0	0.00757575757575758
target_cancer_20_endothelial	0.0122399020807834	0.00833333333333333	0.0163934426229508	0.00833333333333333	0.00853788687299893
target_cancer_23_endothelial	0.0110294117647059	0.00840336134453781	0.0166666666666667	0.00847457627118644	0.00747863247863248
target_cancer_3_endothelial	0.0112079701120797	0.00888888888888889	0.0186915887850467	0.00952380952380952	0.00867678958785249
target_cancer_4_endothelial	0.0111940298507463	0.00884955752212389	0.0185185185185185	0.00943396226415094	0.00866738894907909
target_cancer_5_endothelial	0.0123762376237624	0.00865800865800866	0.0176991150442478	0.00900900900900901	0.00862068965517241
target_cancer_6_endothelial	0.0100125156445557	0.00452488687782805	0.0196078431372549	0	0.00762527233115468
target_cancer_7_endothelial	0.00998751560549313	0.00448430493273543	0.0192307692307692	0	0.00760869565217391
target_cancer_8_endothelial	0.00889453621346887	0.00480769230769231	0.0224719101123595	0	0.00662251655629139
target_cancer_9_endothelial	0.00879396984924623	0.00460829493087558	0.0101010101010101	0	0.00876232201533406
target_cancer_21_endothelial	0.0050251256281407	0.00467289719626168	0.0210526315789474	0	0.00327868852459016
target_cancer_1_endothelial	0.00760456273764259	0.00478468899521531	0.0222222222222222	0	0.00550660792951542
target_cancer_19_endothelial	0.00383141762452107	0.005	0.0121951219512195	0	0.00332963374028857
target_cancer_22_endothelial	0.00881612090680101	0.00465116279069767	0.0103092783505155	0.0106382978723404	0.00657174151150055
target_cancer_11_melanocytes	0.00880503144654088	0.00930232558139535	0.0102040816326531	0.0105263157894737	0.00766703176341731
target_cancer_1_melanocytes	0.00634517766497462	0	0.0112359550561798	0	0.00441014332965821
target_cancer_21_melanocytes	0.00505689001264223	0	0.010989010989011	0	0.0032967032967033
target_cancer_0_melanocytes	0.0074719800747198	0.00448430493273543	0.00952380952380952	0.00980392156862745	0.00542299349240781
target_cancer_10_melanocytes	0.0100125156445557	0.00909090909090909	0.0196078431372549	0.01	0.00762527233115468
target_cancer_12_melanocytes	0.00881612090680101	0.00465116279069767	0.0103092783505155	0.0106382978723404	0.00657174151150055
target_cancer_13_melanocytes	0.00876095118898623	0.00454545454545455	0.00980392156862745	0.0101010101010101	0.0065359477124183
target_cancer_14_melanocytes	0.00748129675810474	0.0045045045045045	0.00961538461538462	0.0099009900990099	0.00542888165038002
target_cancer_15_melanocytes	0.00880503144654088	0.00462962962962963	0.0102040816326531	0.0105263157894737	0.00656455142231947
target_cancer_16_melanocytes	0.00888324873096447	0.00478468899521531	0.010989010989011	0.0113636363636364	0.00661521499448732
target_cancer_17_melanocytes	0.00878293601003764	0.00458715596330275	0.01	0.0103092783505155	0.00655021834061135
target_cancer_18_melanocytes	0.00623441396508728	0	0	0	0.00543478260869565
target_cancer_19_melanocytes	0.0038265306122449	0	0	0	0.00332594235033259
target_cancer_2_melanocytes	0.00750938673341677	0	0.0099009900990099	0	0.00544662309368192
target_cancer_20_melanocytes	0.00867410161090459	0.0043859649122807	0.00909090909090909	0.00934579439252336	0.00647948164146868
target_cancer_22_melanocytes	0.00887198986058302	0.00476190476190476	0.0108695652173913	0.0112359550561798	0.0066079295154185
target_cancer_23_melanocytes	0.00745341614906832	0.00444444444444444	0.00934579439252336	0.00961538461538462	0.00541125541125541
target_cancer_3_melanocytes	0.0100755667506297	0.00930232558139535	0.0206185567010309	0.0105263157894737	0.00766703176341731
target_cancer_4_melanocytes	0.00881612090680101	0.00465116279069767	0.0103092783505155	0.0106382978723404	0.00657174151150055
target_cancer_5_melanocytes	0.00875	0.00452488687782805	0.00970873786407767	0.01	0.00652883569096844
target_cancer_6_melanocytes	0.00756620428751576	0.00469483568075117	0.0105263157894737	0	0.00658616904500549
target_cancer_7_melanocytes	0.0087719298245614	0.0045662100456621	0.02	0	0.00654307524536532
target_cancer_9_melanocytes	0.00754716981132075	0.00465116279069767	0.0103092783505155	0	0.00767543859649123
target_cancer_8_melanocytes	0.00636942675159236	0	0.0116279069767442	0	0.00442477876106195
target_cancer_21_Neutrophils	0.00127713920817369	0	0	0	0
target_cancer_0_Neutrophils	0.00252844500632111	0	0	0	0.0022002200220022
target_cancer_10_Neutrophils	0.00254129606099111	0	0	0	0.00220994475138122
target_cancer_11_Neutrophils	0.00255427841634738	0	0	0	0.00221975582685905
target_cancer_13_Neutrophils	0.00254452926208651	0	0	0	0.00221238938053097
target_cancer_14_Neutrophils	0.00252844500632111	0	0	0	0.0022002200220022
target_cancer_18_Neutrophils	0.00127064803049555	0	0	0	0.00221238938053097
target_cancer_2_Neutrophils	0.00254129606099111	0	0	0	0.00220994475138122
target_cancer_20_Neutrophils	0.00253485424588086	0	0	0	0.00220507166482911
target_cancer_23_Neutrophils	0.00253485424588086	0	0	0	0.00220507166482911
target_cancer_6_Neutrophils	0.00255427841634738	0	0	0	0.00221975582685905
target_cancer_8_Neutrophils	0.00256081946222791	0	0	0	0.00222469410456062
target_cancer_9_Neutrophils	0.00254129606099111	0	0	0	0.00220994475138122
target_cancer_12_Neutrophils	0.00255754475703325	0	0	0	0.00222222222222222
target_cancer_15_Neutrophils	0.00254777070063694	0	0	0	0.00221483942414175
target_cancer_16_Neutrophils	0.00256410256410256	0	0	0	0.0022271714922049
target_cancer_17_Neutrophils	0.00256739409499358	0	0	0	0.00222965440356745
target_cancer_3_Neutrophils	0.00256081946222791	0	0	0	0.00222469410456062
target_cancer_4_Neutrophils	0.00256410256410256	0	0	0	0.0022271714922049
target_cancer_5_Neutrophils	0.00254452926208651	0	0	0	0.00221238938053097
target_cancer_7_Neutrophils	0.00256410256410256	0	0	0	0.0022271714922049
target_cancer_1_Neutrophils	0.00256410256410256	0	0	0	0.00111234705228031
target_cancer_22_Neutrophils	0.00257731958762887	0	0	0	0.00111731843575419
target_cancer_19_Neutrophils	0	0	0	0	0
target_cancer_10_stroma	0.00882723833543506	0.00938967136150235	0.0210526315789474	0.010752688172043	0.00657894736842105
target_cancer_12_stroma	0.00761421319796954	0.00480769230769231	0.0111111111111111	0.0114942528735632	0.00551267916207277
target_cancer_13_stroma	0.00758533501896334	0.004739336492891	0.010752688172043	0.0111111111111111	0.00549450549450549
target_cancer_15_stroma	0.00887198986058302	0.00956937799043062	0.021978021978022	0.0112359550561798	0.0066079295154185
target_cancer_16_stroma	0.00884955752212389	0.00947867298578199	0.021505376344086	0.010989010989011	0.00659340659340659
target_cancer_17_stroma	0.00881612090680101	0.00934579439252336	0.0208333333333333	0.0106382978723404	0.00657174151150055
target_cancer_18_stroma	0.00504413619167718	0	0	0	0.00439077936333699
target_cancer_2_stroma	0.00628140703517588	0	0.0103092783505155	0	0.00437158469945355
target_cancer_20_stroma	0.00876095118898623	0.0091324200913242	0.0198019801980198	0.0101010101010101	0.0065359477124183
target_cancer_3_stroma	0.00882723833543506	0.00938967136150235	0.0210526315789474	0.010752688172043	0.00657894736842105
target_cancer_4_stroma	0.00882723833543506	0.00938967136150235	0.0210526315789474	0.010752688172043	0.00657894736842105
target_cancer_5_stroma	0.00879396984924623	0.00925925925925926	0.0204081632653061	0.0104166666666667	0.00655737704918033
target_cancer_7_stroma	0.00759493670886076	0.00476190476190476	0.021978021978022	0	0.0055005500550055
target_cancer_1_stroma	0.00633713561470215	0.00480769230769231	0.0224719101123595	0	0.00440528634361234
target_cancer_0_stroma	0.00755667506297229	0.00938967136150235	0.0210526315789474	0.010752688172043	0.00547645125958379
target_cancer_11_stroma	0.00886075949367089	0.00952380952380952	0.0217391304347826	0.0111111111111111	0.0066006600660066
target_cancer_14_stroma	0.00630517023959647	0.00471698113207547	0.0106382978723404	0.010989010989011	0.0043859649122807
target_cancer_22_stroma	0.00761421319796954	0.00480769230769231	0.0111111111111111	0.0114942528735632	0.00551267916207277
target_cancer_23_stroma	0.00625782227784731	0.00458715596330275	0.01	0.0103092783505155	0.00435729847494553
target_cancer_6_stroma	0.00762388818297332	0.00483091787439614	0.0227272727272727	0	0.00551876379690949
target_cancer_8_stroma	0.00638569604086846	0	0.0119047619047619	0	0.00443458980044346
target_cancer_9_stroma	0.00634517766497462	0.00483091787439614	0.0112359550561798	0	0.00662983425414365
target_cancer_19_stroma	0.00256739409499358	0	0	0	0.00222965440356745
target_cancer_21_stroma	0.00381679389312977	0	0.0117647058823529	0	0.00220994475138122
target_cancer_0_neuro_e_cell	0.00253164556962025	0	0	0	0.00330760749724366
target_cancer_10_neuro_e_cell	0.00380228136882129	0	0	0	0.00441501103752759
target_cancer_11_neuro_e_cell	0.00381679389312977	0	0	0	0.0044296788482835
target_cancer_12_neuro_e_cell	0.00381679389312977	0	0	0	0.0044296788482835
target_cancer_13_neuro_e_cell	0.00380228136882129	0	0	0	0.00441501103752759
target_cancer_14_neuro_e_cell	0.00252525252525253	0	0	0	0.0033003300330033
target_cancer_15_neuro_e_cell	0.00380710659898477	0	0	0	0.00441988950276243
target_cancer_16_neuro_e_cell	0.00380228136882129	0	0	0	0.00441501103752759
target_cancer_17_neuro_e_cell	0.00378787878787879	0	0	0	0.0044004400440044
target_cancer_18_neuro_e_cell	0.00378787878787879	0	0	0	0.0032967032967033
target_cancer_2_neuro_e_cell	0.00379746835443038	0	0	0	0.00330396475770925
target_cancer_20_neuro_e_cell	0.00377358490566038	0	0	0	0.0043859649122807
target_cancer_22_neuro_e_cell	0.00380228136882129	0	0	0	0.00441501103752759
target_cancer_23_neuro_e_cell	0.00252525252525253	0	0	0	0.0033003300330033
target_cancer_3_neuro_e_cell	0.00379746835443038	0	0	0	0.00441014332965821
target_cancer_4_neuro_e_cell	0.00379746835443038	0	0	0	0.00441014332965821
target_cancer_5_neuro_e_cell	0.00378787878787879	0	0	0	0.0044004400440044
target_cancer_6_neuro_e_cell	0.00253807106598985	0	0	0	0.0022075055187638
target_cancer_7_neuro_e_cell	0.00380228136882129	0	0	0	0.00330760749724366
target_cancer_8_neuro_e_cell	0.00255427841634738	0	0	0	0.00221975582685905
target_cancer_9_neuro_e_cell	0.00380710659898477	0	0	0	0.00441988950276243
target_cancer_19_neuro_e_cell	0.00127713920817369	0	0	0	0.00110987791342952
target_cancer_1_neuro_e_cell	0.00383631713554987	0	0	0	0.00333333333333333
target_cancer_21_neuro_e_cell	0.00256410256410256	0	0	0	0.0022271714922049
source_cancer_16_cancer	0.0146163215590743	0.0247933884297521	0.0236220472440945	0.0241935483870968	0.0149413020277481
source_cancer_17_cancer	0.0107142857142857	0.0193050193050193	0.020979020979021	0.0214285714285714	0.012565445026178
source_cancer_18_cancer	0.00816802800466744	0.00359712230215827	0.00625	0.0128205128205128	0.00717948717948718
source_cancer_23_cancer	0.0148063781321185	0.0234113712374582	0.0162162162162162	0.0164835164835165	0.014070351758794
source_cancer_3_cancer	0.013142174432497	0.0233463035019455	0.0211267605633803	0.0215827338129496	0.0147058823529412
source_cancer_4_cancer	0.0106888361045131	0.0191570881226054	0.0206896551724138	0.0211267605633803	0.0135983263598326
source_cancer_5_cancer	0.0141176470588235	0.022140221402214	0.0127388535031847	0.012987012987013	0.0144927536231884
source_cancer_14_cancer	0.0127314814814815	0.0104529616724739	0.0117647058823529	0.0119760479041916	0.0112016293279022
source_cancer_15_cancer	0.0107142857142857	0.0232558139534884	0.0138888888888889	0.0141843971631206	0.0136268343815514
source_cancer_2_cancer	0.00829383886255924	0.0114068441064639	0.00680272108843537	0.013986013986014	0.011482254697286
source_cancer_6_cancer	0.00593119810201661	0.0115384615384615	0.00694444444444444	0.00709219858156028	0.00940438871473354
source_cancer_9_cancer	0.00947867298578199	0.0152091254752852	0.00675675675675676	0.00689655172413793	0.0104166666666667
source_cancer_0_cancer	0.0151869158878505	0.0215827338129496	0.0184049079754601	0.01875	0.013347022587269
source_cancer_10_cancer	0.0152046783625731	0.0216606498194946	0.0185185185185185	0.0188679245283019	0.0154479917610711
source_cancer_11_cancer	0.0130796670630202	0.0269230769230769	0.0205479452054795	0.020979020979021	0.0135841170323929
source_cancer_12_cancer	0.0129564193168433	0.0223048327137546	0.0194805194805195	0.0198675496688742	0.0124223602484472
source_cancer_20_cancer	0.0128205128205128	0.0215827338129496	0.0184049079754601	0.01875	0.0143884892086331
source_cancer_19_cancer	0.00248138957816377	0	0.00961538461538462	0.02	0.00325027085590466
source_cancer_22_cancer	0.00364520048602673	0	0.00819672131147541	0.0169491525423729	0.0053248136315229
source_cancer_1_cancer	0.00861008610086101	0.0173160173160173	0.00862068965517241	0.00884955752212389	0.00860215053763441
source_cancer_13_cancer	0.00963855421686747	0.0160642570281124	0.0150375939849624	0.0153846153846154	0.0116402116402116
source_cancer_21_cancer	0.00852618757612668	0.0167364016736402	0.016260162601626	0.0166666666666667	0.00852878464818763
source_cancer_7_cancer	0.0108827085852479	0.0203252032520325	0.0230769230769231	0.0236220472440945	0.0138150903294368
source_cancer_8_cancer	0.00617283950617284	0.013215859030837	0.00900900900900901	0.0186915887850467	0.00755939524838013
source_cancer_16_Dendritic	0.00995024875621891	0.0271493212669683	0.0186915887850467	0.00952380952380952	0.0130718954248366
source_cancer_17_Dendritic	0.00865265760197775	0.0221238938053097	0.018018018018018	0.00917431192660551	0.0119176598049837
source_cancer_18_Dendritic	0.00246305418719212	0.0043859649122807	0	0	0.00647948164146868
source_cancer_3_Dendritic	0.00987654320987654	0.026431718061674	0.0176991150442478	0.00900900900900901	0.012987012987013
source_cancer_4_Dendritic	0.00988875154511743	0.0265486725663717	0.0178571428571429	0.00909090909090909	0.0130010834236186
source_cancer_5_Dendritic	0.00975609756097561	0.0296610169491525	0.016260162601626	0.00826446280991736	0.0139335476956056
source_cancer_14_Dendritic	0.00855745721271394	0.0169491525423729	0.0166666666666667	0.00847457627118644	0.0107181136120043
source_cancer_15_Dendritic	0.00982800982800983	0.0304347826086957	0.0170940170940171	0.00869565217391304	0.0129310344827586
source_cancer_2_Dendritic	0.00738916256157635	0.0219298245614035	0.0176991150442478	0.00900900900900901	0.0118918918918919
source_cancer_6_Dendritic	0.00737100737100737	0.0173160173160173	0.0173913043478261	0.00884955752212389	0.011866235167206
source_cancer_9_Dendritic	0.00739827373612824	0.0220264317180617	0.0178571428571429	0.00909090909090909	0.0119047619047619
source_cancer_0_Dendritic	0.00985221674876847	0.0262008733624454	0.0173913043478261	0.00884955752212389	0.011866235167206
source_cancer_1_Dendritic	0.00878293601003764	0.0233644859813084	0.0202020202020202	0.0103092783505155	0.0087527352297593
source_cancer_10_Dendritic	0.0097799511002445	0.025531914893617	0.0165289256198347	0.00840336134453781	0.0139634801288937
source_cancer_11_Dendritic	0.00857843137254902	0.0303030303030303	0.0169491525423729	0.00862068965517241	0.0118279569892473
source_cancer_12_Dendritic	0.00979192166462668	0.0300429184549356	0.0166666666666667	0.00847457627118644	0.0139784946236559
source_cancer_13_Dendritic	0.00866336633663366	0.0222222222222222	0.0181818181818182	0.00925925925925926	0.0119305856832972
source_cancer_20_Dendritic	0.00979192166462668	0.0256410256410256	0.0166666666666667	0.00847457627118644	0.0128893662728249
source_cancer_21_Dendritic	0.0075	0.0184331797235023	0.0198019801980198	0.0101010101010101	0.00873362445414847
source_cancer_7_Dendritic	0.0087173100871731	0.0227272727272727	0.019047619047619	0.00970873786407767	0.0119956379498364
source_cancer_8_Dendritic	0.00748129675810474	0.0324074074074074	0.0194174757281553	0.0099009900990099	0.0109170305676856
source_cancer_19_Dendritic	0.00253485424588086	0.0048780487804878	0.0114942528735632	0.0119047619047619	0.0033112582781457
source_cancer_23_Dendritic	0.00970873786407767	0.0291666666666667	0.015748031496063	0.008	0.0127931769722814
source_cancer_22_Dendritic	0.0025062656641604	0.00467289719626168	0.0104166666666667	0.010752688172043	0.00437636761487965
source_cancer_16_fibroblast	0.00251256281407035	0.00947867298578199	0	0	0.00548847420417124
source_cancer_17_fibroblast	0.00248447204968944	0.00909090909090909	0	0	0.00434310532030402
source_cancer_18_fibroblast	0.00244498777506112	0.00427350427350427	0	0	0.00428265524625268
source_cancer_23_fibroblast	0.00365408038976857	0.00843881856540084	0	0	0.00426439232409382
source_cancer_3_fibroblast	0.00372208436724566	0.00900900900900901	0	0	0.00651465798045603
source_cancer_4_fibroblast	0.00247831474597274	0.00900900900900901	0	0	0.00542299349240781
source_cancer_5_fibroblast	0.00491400491400491	0.0219298245614035	0.0087719298245614	0	0.00862068965517241
source_cancer_14_fibroblast	0.00244498777506112	0.00427350427350427	0	0	0.00428265524625268
source_cancer_15_fibroblast	0.00247524752475248	0.00446428571428571	0	0	0.00324324324324324
source_cancer_2_fibroblast	0.00369913686806412	0.00881057268722467	0	0	0.00756756756756757
source_cancer_6_fibroblast	0.00247524752475248	0.00446428571428571	0	0	0.00432900432900433
source_cancer_9_fibroblast	0.00370828182941904	0.00888888888888889	0.00925925925925926	0	0.00649350649350649
source_cancer_22_fibroblast	0.00125470514429109	0	0	0	0.00218818380743982
source_cancer_0_fibroblast	0.00367197062423501	0.0129310344827586	0	0	0.00535905680600214
source_cancer_1_fibroblast	0.00505689001264223	0.0144927536231884	0	0	0.00550660792951542
source_cancer_10_fibroblast	0.00733496332518337	0.0213675213675214	0.00833333333333333	0	0.0107296137339056
source_cancer_11_fibroblast	0.00736196319018405	0.0260869565217391	0.00854700854700855	0	0.00859291084854995
source_cancer_12_fibroblast	0.00247218788627936	0.00892857142857143	0	0	0.00323974082073434
source_cancer_13_fibroblast	0.00248447204968944	0.00909090909090909	0	0	0.00543478260869565
source_cancer_20_fibroblast	0.00368550368550369	0.00432900432900433	0	0	0.00429645542427497
source_cancer_21_fibroblast	0.00126103404791929	0.00480769230769231	0	0	0.0021978021978022
source_cancer_7_fibroblast	0.00498753117206983	0.0091324200913242	0	0	0.00544069640914037
source_cancer_8_fibroblast	0.00125944584382872	0.00478468899521531	0	0	0.0021953896816685
source_cancer_19_fibroblast	0	0	0	0	0
source_cancer_16_MF-Monocytes	0.0099626400996264	0.0272727272727273	0.0188679245283019	0.00961538461538462	0.0130861504907306
source_cancer_17_MF-Monocytes	0.0086848635235732	0.0224215246636771	0.0185185185185185	0.00943396226415094	0.0119565217391304
source_cancer_18_MF-Monocytes	0.002460024600246	0.00436681222707424	0	0	0.00647249190938511
source_cancer_23_MF-Monocytes	0.00970873786407767	0.0291666666666667	0.015748031496063	0.008	0.0127931769722814
source_cancer_3_MF-Monocytes	0.00995024875621891	0.0271493212669683	0.0186915887850467	0.00952380952380952	0.0130718954248366
source_cancer_4_MF-Monocytes	0.00993788819875776	0.027027027027027	0.0185185185185185	0.00943396226415094	0.0130576713819369
source_cancer_5_MF-Monocytes	0.00976800976800977	0.0297872340425532	0.0163934426229508	0.00833333333333333	0.0139484978540773
source_cancer_14_MF-Monocytes	0.00855745721271394	0.0169491525423729	0.0166666666666667	0.00847457627118644	0.0107181136120043
source_cancer_15_MF-Monocytes	0.00984009840098401	0.0305676855895196	0.0172413793103448	0.0087719298245614	0.0129449838187702
source_cancer_2_MF-Monocytes	0.00738007380073801	0.0218340611353712	0.0175438596491228	0.00892857142857143	0.0118790496760259
source_cancer_6_MF-Monocytes	0.00738916256157635	0.0174672489082969	0.0176991150442478	0.00900900900900901	0.0118918918918919
source_cancer_9_MF-Monocytes	0.00738007380073801	0.0218340611353712	0.0175438596491228	0.00892857142857143	0.0118790496760259
source_cancer_0_MF-Monocytes	0.00985221674876847	0.0262008733624454	0.0173913043478261	0.00884955752212389	0.011866235167206
source_cancer_1_MF-Monocytes	0.00879396984924623	0.0234741784037559	0.0204081632653061	0.0104166666666667	0.00876232201533406
source_cancer_10_MF-Monocytes	0.00979192166462668	0.0256410256410256	0.0166666666666667	0.00847457627118644	0.0139784946236559
source_cancer_11_MF-Monocytes	0.00856793145654835	0.0301724137931034	0.0168067226890756	0.00854700854700855	0.0118152524167562
source_cancer_12_MF-Monocytes	0.00979192166462668	0.0300429184549356	0.0166666666666667	0.00847457627118644	0.0139784946236559
source_cancer_13_MF-Monocytes	0.00866336633663366	0.0222222222222222	0.0181818181818182	0.00925925925925926	0.0119305856832972
source_cancer_20_MF-Monocytes	0.00976800976800977	0.0254237288135593	0.0163934426229508	0.00833333333333333	0.0128617363344051
source_cancer_21_MF-Monocytes	0.00750938673341677	0.0185185185185185	0.02	0.0102040816326531	0.0087431693989071
source_cancer_7_MF-Monocytes	0.00869565217391304	0.0225225225225225	0.0186915887850467	0.00952380952380952	0.0119695321001088
source_cancer_8_MF-Monocytes	0.00745341614906832	0.0319634703196347	0.0188679245283019	0.00961538461538462	0.0108813928182807
source_cancer_19_MF-Monocytes	0.00254129606099111	0.00492610837438424	0.0117647058823529	0.0121951219512195	0.00331858407079646
source_cancer_22_MF-Monocytes	0.00250941028858218	0.00469483568075117	0.0105263157894737	0.0108695652173913	0.00438116100766703
source_cancer_16_pDCs	0.0125156445556946	0.0275229357798165	0.029126213592233	0.03	0.0131147540983607
source_cancer_17_pDCs	0.0111940298507463	0.0224215246636771	0.0280373831775701	0.0288461538461538	0.0119565217391304
source_cancer_18_pDCs	0.00372670807453416	0.0045045045045045	0.00961538461538462	0.02	0.00542888165038002
source_cancer_3_pDCs	0.012453300124533	0.027027027027027	0.0280373831775701	0.0288461538461538	0.0130576713819369
source_cancer_4_pDCs	0.0124378109452736	0.0269058295964126	0.0277777777777778	0.0285714285714286	0.0130434782608696
source_cancer_5_pDCs	0.0124069478908189	0.03125	0.0272727272727273	0.0280373831775701	0.0141150922909881
source_cancer_14_pDCs	0.0110837438423645	0.0172413793103448	0.0260869565217391	0.0267857142857143	0.0118534482758621
source_cancer_15_pDCs	0.012531328320802	0.0324074074074074	0.0294117647058824	0.0303030303030303	0.0131291028446389
source_cancer_2_pDCs	0.00992555831265509	0.0223214285714286	0.0277777777777778	0.0285714285714286	0.0130434782608696
source_cancer_6_pDCs	0.00872817955112219	0.0181818181818182	0.0192307692307692	0.0198019801980198	0.00980392156862745
source_cancer_9_pDCs	0.00870646766169154	0.0226244343891403	0.0188679245283019	0.0194174757281553	0.0108813928182807
source_cancer_0_pDCs	0.0123152709359606	0.0304347826086957	0.0258620689655172	0.0265486725663717	0.0140237324703344
source_cancer_1_pDCs	0.0100882723833544	0.023696682464455	0.0208333333333333	0.021505376344086	0.00989010989010989
source_cancer_10_pDCs	0.0123915737298637	0.0265486725663717	0.027027027027027	0.0277777777777778	0.0140997830802603
source_cancer_11_pDCs	0.011166253101737	0.031390134529148	0.0275229357798165	0.0283018867924528	0.0130293159609121
source_cancer_12_pDCs	0.0123456790123457	0.0307017543859649	0.0263157894736842	0.027027027027027	0.0140540540540541
source_cancer_13_pDCs	0.0112781954887218	0.0230414746543779	0.0297029702970297	0.0306122448979592	0.0131434830230011
source_cancer_20_pDCs	0.0124688279301746	0.0271493212669683	0.0283018867924528	0.029126213592233	0.0141766630316249
source_cancer_21_pDCs	0.00755667506297229	0.018957345971564	0.0210526315789474	0.0217391304347826	0.00768386388583974
source_cancer_22_pDCs	0.00505689001264223	0.00478468899521531	0.0222222222222222	0.0348837209302326	0.00550660792951542
source_cancer_7_pDCs	0.0112923462986198	0.0231481481481481	0.03	0.0309278350515464	0.0120481927710843
source_cancer_8_pDCs	0.0100882723833544	0.0334928229665072	0.0315789473684211	0.0326086956521739	0.011001100110011
source_cancer_19_pDCs	0.00510204081632653	0.00495049504950495	0.0240963855421687	0.0379746835443038	0.00443458980044346
source_cancer_23_pDCs	0.0122850122850123	0.0301724137931034	0.0254237288135593	0.0260869565217391	0.0139935414424112
source_cancer_0_club cell	0.0072992700729927	0.00413223140495868	0.00806451612903226	0.0166666666666667	0.00638297872340425
source_cancer_10_club cell	0.00731707317073171	0.00416666666666667	0.00819672131147541	0.0169491525423729	0.00747065101387407
source_cancer_11_club cell	0.00615006150061501	0.00431034482758621	0.0087719298245614	0.0181818181818182	0.00537056928034372
source_cancer_12_club cell	0.00732600732600733	0.00418410041841004	0.00826446280991736	0.0170940170940171	0.0064034151547492
source_cancer_14_club cell	0.00726392251815981	0.0040650406504065	0.0078125	0.0161290322580645	0.00635593220338983
source_cancer_16_club cell	0.00749063670411985	0.00452488687782805	0.00970873786407767	0.0202020202020202	0.00652883569096844
source_cancer_18_club cell	0.00723763570566948	0.00401606425702811	0.00763358778625954	0.015748031496063	0.00633579725448786
source_cancer_23_club cell	0.0072289156626506	0.004	0.00757575757575758	0.015625	0.00526870389884088
source_cancer_5_club cell	0.00730816077953715	0.004149377593361	0.00813008130081301	0.0168067226890756	0.00746268656716418
source_cancer_9_club cell	0.00491400491400491	0	0	0.00900900900900901	0.00429184549356223
source_cancer_2_club cell	0.0061576354679803	0.00432900432900433	0.00884955752212389	0.018348623853211	0.00754310344827586
source_cancer_20_club cell	0.00607533414337789	0.00413223140495868	0.00806451612903226	0.0166666666666667	0.00638297872340425
source_cancer_6_club cell	0.00245398773006135	0	0	0.00909090909090909	0.00429645542427497
source_cancer_19_club cell	0.0025062656641604	0	0.0104166666666667	0.0217391304347826	0.00218340611353712
source_cancer_17_club cell	0.00618046971569839	0.0043859649122807	0.00909090909090909	0.0188679245283019	0.00539374325782093
source_cancer_22_club cell	0.00373134328358209	0	0.00970873786407767	0.0202020202020202	0.00543478260869565
source_cancer_3_club cell	0.00617283950617284	0.00436681222707424	0.00900900900900901	0.0186915887850467	0.00647249190938511
source_cancer_4_club cell	0.00493827160493827	0.0043859649122807	0.00909090909090909	0.0188679245283019	0.00647948164146868
source_cancer_1_club cell	0.00252525252525253	0	0	0.0114942528735632	0.0021978021978022
source_cancer_13_club cell	0.00618046971569839	0.0043859649122807	0.00909090909090909	0.0188679245283019	0.00647948164146868
source_cancer_21_club cell	0.00251256281407035	0	0	0.010989010989011	0.00218818380743982
source_cancer_7_club cell	0.00497512437810945	0.0045045045045045	0.00961538461538462	0.02	0.00652173913043478
source_cancer_8_club cell	0.0037593984962406	0.00465116279069767	0.0103092783505155	0.021505376344086	0.00437158469945355
source_cancer_15_club cell	0.00495049504950495	0.00442477876106195	0.00925925925925926	0.0192307692307692	0.00540540540540541
source_cancer_0_alveolar_type_1	0.00246305418719212	0.0043859649122807	0	0	0.00322927879440258
source_cancer_1_alveolar_type_1	0.00126903553299492	0	0	0	0.0011037527593819
source_cancer_10_alveolar_type_1	0.00246305418719212	0.0043859649122807	0	0	0.00431034482758621
source_cancer_11_alveolar_type_1	0.00123456790123457	0.00444444444444444	0	0	0.00215749730312837
source_cancer_12_alveolar_type_1	0.00246913580246914	0.00442477876106195	0	0	0.00431965442764579
source_cancer_13_alveolar_type_1	0.00248756218905473	0.00454545454545455	0	0	0.00325732899022801
source_cancer_14_alveolar_type_1	0.00245098039215686	0.00431034482758621	0	0	0.00321543408360129
source_cancer_16_alveolar_type_1	0.00251572327044025	0.004739336492891	0	0	0.00328947368421053
source_cancer_17_alveolar_type_1	0.00249376558603491	0.00458715596330275	0	0	0.00326441784548422
source_cancer_18_alveolar_type_1	0.00244798041615667	0.00429184549356223	0	0	0.00428724544480171
source_cancer_2_alveolar_type_1	0.00248138957816377	0.0045045045045045	0	0	0.00433839479392625
source_cancer_20_alveolar_type_1	0.00244798041615667	0.00429184549356223	0	0	0.00428724544480171
source_cancer_21_alveolar_type_1	0.00126422250316056	0	0	0	0.0011001100110011
source_cancer_22_alveolar_type_1	0.00125156445556946	0	0	0	0.00327868852459016
source_cancer_3_alveolar_type_1	0.00249687890137328	0.00460829493087558	0	0	0.00326797385620915
source_cancer_4_alveolar_type_1	0.0024906600249066	0.0045662100456621	0	0	0.00326086956521739
source_cancer_5_alveolar_type_1	0.00246305418719212	0.0043859649122807	0	0	0.00431034482758621
source_cancer_6_alveolar_type_1	0.00123456790123457	0	0	0	0.00323974082073434
source_cancer_7_alveolar_type_1	0.00249376558603491	0.00458715596330275	0	0	0.00326441784548422
source_cancer_8_alveolar_type_1	0.00125628140703518	0.004739336492891	0	0	0.00219058050383352
source_cancer_9_alveolar_type_1	0.00123609394313968	0	0	0	0.00324324324324324
source_cancer_23_alveolar_type_1	0.00244798041615667	0.00429184549356223	0	0	0.00321199143468951
source_cancer_15_alveolar_type_1	0.00248447204968944	0.00452488687782805	0	0	0.00325379609544469
source_cancer_19_alveolar_type_1	0	0	0	0	0
source_cancer_0_alveolar_type_2	0.00608272506082725	0.004149377593361	0.00813008130081301	0.0168067226890756	0.00638977635782748
source_cancer_1_alveolar_type_2	0.00253807106598985	0	0	0.0120481927710843	0.0022075055187638
source_cancer_10_alveolar_type_2	0.00612745098039216	0.00425531914893617	0.00854700854700855	0.0176991150442478	0.00751072961373391
source_cancer_11_alveolar_type_2	0.00371287128712871	0.00444444444444444	0.00934579439252336	0.0194174757281553	0.00432432432432432
source_cancer_12_alveolar_type_2	0.00613496932515337	0.00427350427350427	0.00862068965517241	0.0178571428571429	0.00535905680600214
source_cancer_13_alveolar_type_2	0.00495662949194548	0.00444444444444444	0.00934579439252336	0.0194174757281553	0.00650054171180932
source_cancer_14_alveolar_type_2	0.00605326876513317	0.00408163265306122	0.0078740157480315	0.016260162601626	0.0063626723223754
source_cancer_16_alveolar_type_2	0.0050125313283208	0.00462962962962963	0.0102040816326531	0.0212765957446809	0.00656455142231947
source_cancer_17_alveolar_type_2	0.00496894409937888	0.00448430493273543	0.00952380952380952	0.0198019801980198	0.00542299349240781
source_cancer_18_alveolar_type_2	0.00609013398294762	0.00416666666666667	0.00819672131147541	0.0169491525423729	0.00639658848614072
source_cancer_2_alveolar_type_2	0.00493827160493827	0.0043859649122807	0.00909090909090909	0.0188679245283019	0.00756756756756757
source_cancer_20_alveolar_type_2	0.00612745098039216	0.00425531914893617	0.00854700854700855	0.0176991150442478	0.00643086816720257
source_cancer_21_alveolar_type_2	0.00252206809583859	0	0	0.0113636363636364	0.0021953896816685
source_cancer_3_alveolar_type_2	0.00496894409937888	0.00448430493273543	0.00952380952380952	0.0198019801980198	0.00651465798045603
source_cancer_4_alveolar_type_2	0.00495662949194548	0.00444444444444444	0.00934579439252336	0.0194174757281553	0.00650054171180932
source_cancer_5_alveolar_type_2	0.00611995104039168	0.00423728813559322	0.00847457627118644	0.0175438596491228	0.007502679528403
source_cancer_6_alveolar_type_2	0.00247218788627936	0	0	0.00961538461538462	0.00323974082073434
source_cancer_7_alveolar_type_2	0.00498753117206983	0.00454545454545455	0.00980392156862745	0.0204081632653061	0.0065359477124183
source_cancer_8_alveolar_type_2	0.00378310214375788	0.00476190476190476	0.0108695652173913	0.0227272727272727	0.00329308452250274
source_cancer_9_alveolar_type_2	0.00246305418719212	0	0	0.00934579439252336	0.00431034482758621
source_cancer_23_alveolar_type_2	0.0060459492140266	0.0040650406504065	0.0078125	0.0161290322580645	0.00635593220338983
source_cancer_22_alveolar_type_2	0.00376884422110553	0	0.0105263157894737	0.021978021978022	0.00438116100766703
source_cancer_15_alveolar_type_2	0.00495049504950495	0.00442477876106195	0.00925925925925926	0.0192307692307692	0.00649350649350649
source_cancer_19_alveolar_type_2	0.00252525252525253	0	0.0111111111111111	0.0232558139534884	0.0021978021978022
source_cancer_0_B-cells-M	0.00252206809583859	0.00478468899521531	0	0	0.0044004400440044
source_cancer_1_B-cells-M	0.00127388535031847	0	0	0	0.00110741971207087
source_cancer_10_B-cells-M	0.00252844500632111	0.00483091787439614	0	0	0.00441014332965821
source_cancer_11_B-cells-M	0.00126103404791929	0.00480769230769231	0	0	0.0021978021978022
source_cancer_12_B-cells-M	0.00251889168765743	0.00476190476190476	0	0	0.0043956043956044
source_cancer_13_B-cells-M	0.00254129606099111	0.00492610837438424	0	0	0.0044296788482835
source_cancer_14_B-cells-M	0.00251889168765743	0.00476190476190476	0	0	0.0043956043956044
source_cancer_16_B-cells-M	0.00255427841634738	0.0050251256281407	0	0	0.00333333333333333
source_cancer_18_B-cells-M	0.00252844500632111	0.00483091787439614	0	0	0.00330396475770925
source_cancer_2_B-cells-M	0.00252206809583859	0.00478468899521531	0	0	0.0044004400440044
source_cancer_20_B-cells-M	0.00253164556962025	0.00485436893203883	0	0	0.00441501103752759
source_cancer_21_B-cells-M	0.00127388535031847	0	0	0	0.00221729490022173
source_cancer_3_B-cells-M	0.00253164556962025	0.00485436893203883	0	0	0.00441501103752759
source_cancer_4_B-cells-M	0.00253164556962025	0.00485436893203883	0	0	0.00441501103752759
source_cancer_5_B-cells-M	0.00252206809583859	0.00478468899521531	0	0	0.0044004400440044
source_cancer_6_B-cells-M	0.00126262626262626	0	0	0	0.00330396475770925
source_cancer_7_B-cells-M	0.00253485424588086	0.0048780487804878	0	0	0.00441988950276243
source_cancer_8_B-cells-M	0.00127064803049555	0.00495049504950495	0	0	0.00221238938053097
source_cancer_9_B-cells-M	0.00126262626262626	0	0	0	0.0022002200220022
source_cancer_17_B-cells-M	0.00254777070063694	0.00497512437810945	0	0	0.00332594235033259
source_cancer_22_B-cells-M	0.00127551020408163	0	0	0	0.00221975582685905
source_cancer_15_B-cells-M	0.00253164556962025	0.00485436893203883	0	0	0.00441501103752759
source_cancer_23_B-cells-M	0.00251572327044025	0.004739336492891	0	0	0.00439077936333699
source_cancer_19_B-cells-M	0	0	0	0	0
source_cancer_0_endothelial	0.00366748166259169	0.00425531914893617	0	0	0.00427807486631016
source_cancer_1_endothelial	0.00126422250316056	0	0	0	0.0011001100110011
source_cancer_10_endothelial	0.00368550368550369	0.00432900432900433	0	0	0.00537634408602151
source_cancer_11_endothelial	0.00123609394313968	0.00446428571428571	0	0	0.00324324324324324
source_cancer_12_endothelial	0.00366748166259169	0.00425531914893617	0	0	0.00535331905781585
source_cancer_13_endothelial	0.00247831474597274	0.00448430493273543	0	0	0.00433369447453954
source_cancer_14_endothelial	0.00364963503649635	0.00418410041841004	0	0	0.00425985090521832
source_cancer_16_endothelial	0.00249376558603491	0.00458715596330275	0	0	0.00435729847494553
source_cancer_17_endothelial	0.00246609124537608	0.00440528634361234	0	0	0.00431499460625674
source_cancer_18_endothelial	0.00366300366300366	0.00423728813559322	0	0	0.0053475935828877
source_cancer_2_endothelial	0.00246305418719212	0.0043859649122807	0	0	0.00539374325782093
source_cancer_20_endothelial	0.00367197062423501	0.00427350427350427	0	0	0.00535905680600214
source_cancer_21_endothelial	0.00125470514429109	0	0	0	0.00109289617486339
source_cancer_22_endothelial	0.00124688279301746	0	0	0	0.00326797385620915
source_cancer_3_endothelial	0.00246913580246914	0.00442477876106195	0	0	0.00431965442764579
source_cancer_4_endothelial	0.00246305418719212	0.0043859649122807	0	0	0.00431034482758621
source_cancer_5_endothelial	0.003690036900369	0.00434782608695652	0	0	0.00538213132400431
source_cancer_6_endothelial	0.00124069478908189	0	0	0	0.00434310532030402
source_cancer_7_endothelial	0.0024906600249066	0.0045662100456621	0	0	0.0043525571273123
source_cancer_8_endothelial	0.00125628140703518	0.004739336492891	0	0	0.00328947368421053
source_cancer_9_endothelial	0.00123152709359606	0	0	0	0.00431499460625674
source_cancer_23_endothelial	0.0036101083032491	0.00403225806451613	0	0	0.00421940928270042
source_cancer_15_endothelial	0.00247831474597274	0.00448430493273543	0	0	0.00433369447453954
source_cancer_19_endothelial	0	0	0	0	0.00109769484083425
source_cancer_0_T-cells	0.0148883374689826	0.0401785714285714	0.036036036036036	0.037037037037037	0.0151843817787419
source_cancer_1_T-cells	0.0138888888888889	0.0380952380952381	0.0416666666666667	0.043010752688172	0.0132013201320132
source_cancer_10_T-cells	0.0149253731343284	0.0405405405405405	0.036697247706422	0.0377358490566038	0.0163220892274211
source_cancer_11_T-cells	0.0136476426799007	0.045045045045045	0.0363636363636364	0.0373831775700935	0.0140997830802603
source_cancer_12_T-cells	0.0136986301369863	0.0361990950226244	0.0373831775700935	0.0384615384615385	0.014145810663765
source_cancer_13_T-cells	0.0112640801001252	0.0324074074074074	0.0294117647058824	0.0408163265306122	0.0131291028446389
source_cancer_14_T-cells	0.00995024875621891	0.0225225225225225	0.0283018867924528	0.0392156862745098	0.0108695652173913
source_cancer_16_T-cells	0.0138539042821159	0.0377358490566038	0.0408163265306122	0.0421052631578947	0.0154015401540154
source_cancer_18_T-cells	0.00752823086574655	0.0186915887850467	0.0204081632653061	0.0319148936170213	0.00765864332603939
source_cancer_2_T-cells	0.00998751560549313	0.0275229357798165	0.029126213592233	0.0404040404040404	0.0120087336244541
source_cancer_20_T-cells	0.013715710723192	0.0363636363636364	0.0377358490566038	0.0388349514563107	0.0152671755725191
source_cancer_21_T-cells	0.0113636363636364	0.0285714285714286	0.0315789473684211	0.043956043956044	0.0121145374449339
source_cancer_3_T-cells	0.013681592039801	0.036036036036036	0.037037037037037	0.0380952380952381	0.015233949945593
source_cancer_4_T-cells	0.013715710723192	0.0363636363636364	0.0377358490566038	0.0388349514563107	0.0152671755725191
source_cancer_5_T-cells	0.0149068322981366	0.045045045045045	0.0363636363636364	0.0373831775700935	0.016304347826087
source_cancer_6_T-cells	0.0125	0.0321100917431193	0.0388349514563107	0.04	0.014207650273224
source_cancer_7_T-cells	0.013715710723192	0.0316742081447964	0.0377358490566038	0.0388349514563107	0.014161220043573
source_cancer_8_T-cells	0.00755667506297229	0.0287081339712919	0.0319148936170213	0.0444444444444444	0.00768386388583974
source_cancer_9_T-cells	0.0111940298507463	0.0316742081447964	0.0377358490566038	0.0388349514563107	0.0130576713819369
source_cancer_17_T-cells	0.0125	0.0321100917431193	0.0388349514563107	0.04	0.0131004366812227
source_cancer_22_T-cells	0.00759493670886076	0.0193236714975845	0.0333333333333333	0.0465116279069767	0.00771775082690187
source_cancer_23_T-cells	0.0123304562268804	0.0305676855895196	0.0350877192982456	0.036036036036036	0.0129449838187702
source_cancer_15_T-cells	0.013681592039801	0.036036036036036	0.037037037037037	0.0380952380952381	0.0141304347826087
source_cancer_19_T-cells	0.0076530612244898	0.0199004975124378	0.0357142857142857	0.05	0.00665188470066519
source_cancer_0_ionocyte	0.00247524752475248	0.00446428571428571	0	0	0.00324324324324324
source_cancer_14_ionocyte	0.00246913580246914	0.00442477876106195	0	0	0.00323624595469256
source_cancer_23_ionocyte	0.00246305418719212	0.0043859649122807	0	0	0.00322927879440258
source_cancer_18_ionocyte	0.00246609124537608	0.00440528634361234	0	0	0.00431499460625674
source_cancer_6_ionocyte	0.00124843945068664	0	0	0	0.00327153762268266
source_cancer_11_ionocyte	0.00124843945068664	0.00462962962962963	0	0	0.00217864923747277
source_cancer_21_ionocyte	0.00126742712294043	0	0	0	0.00110253583241455
source_cancer_22_ionocyte	0.00125786163522013	0	0	0	0.00219298245614035
source_cancer_3_ionocyte	0.00250941028858218	0.00469483568075117	0	0	0.00328227571115974
source_cancer_4_ionocyte	0.00250312891113892	0.00465116279069767	0	0	0.00327510917030568
source_cancer_9_ionocyte	0.00124378109452736	0	0	0	0.00326086956521739
source_cancer_10_ionocyte	0.00248756218905473	0.00454545454545455	0	0	0.00434782608695652
source_cancer_12_ionocyte	0.00248756218905473	0.00454545454545455	0	0	0.00325732899022801
source_cancer_13_ionocyte	0.00250941028858218	0.00469483568075117	0	0	0.00328227571115974
source_cancer_15_ionocyte	0.00249687890137328	0.00460829493087558	0	0	0.00326797385620915
source_cancer_16_ionocyte	0.00252206809583859	0.00478468899521531	0	0	0.0032967032967033
source_cancer_17_ionocyte	0.00251256281407035	0.00471698113207547	0	0	0.00328587075575027
source_cancer_2_ionocyte	0.0024906600249066	0.0045662100456621	0	0	0.0043525571273123
source_cancer_20_ionocyte	0.00247524752475248	0.00446428571428571	0	0	0.00324324324324324
source_cancer_5_ionocyte	0.00248138957816377	0.0045045045045045	0	0	0.00433839479392625
source_cancer_19_ionocyte	0	0	0	0	0
source_cancer_7_ionocyte	0.00251572327044025	0.004739336492891	0	0	0.00328947368421053
source_cancer_1_ionocyte	0.00127551020408163	0	0	0	0.00110864745011086
source_cancer_8_ionocyte	0.00126422250316056	0.00485436893203883	0	0	0.00220264317180617
source_cancer_10_melanocytes	0.0025	0.00462962962962963	0	0	0.00436681222707424
source_cancer_18_melanocytes	0.00250312891113892	0.00465116279069767	0	0	0.00327510917030568
source_cancer_19_melanocytes	0	0	0	0	0
source_cancer_20_melanocytes	0.00249687890137328	0.00460829493087558	0	0	0.00436205016357688
source_cancer_5_melanocytes	0.00249376558603491	0.00458715596330275	0	0	0.00435729847494553
source_cancer_0_melanocytes	0.00249376558603491	0.00458715596330275	0	0	0.00435729847494553
source_cancer_14_melanocytes	0.00248756218905473	0.00454545454545455	0	0	0.00434782608695652
source_cancer_23_melanocytes	0.00248447204968944	0.00452488687782805	0	0	0.00434310532030402
source_cancer_17_melanocytes	0.00251889168765743	0.00476190476190476	0	0	0.0043956043956044
source_cancer_3_melanocytes	0.00251572327044025	0.004739336492891	0	0	0.00439077936333699
source_cancer_4_melanocytes	0.0025062656641604	0.00467289719626168	0	0	0.00437636761487965
source_cancer_11_melanocytes	0.00125156445556946	0.00467289719626168	0	0	0.00218340611353712
source_cancer_2_melanocytes	0.0025062656641604	0.00467289719626168	0	0	0.00437636761487965
source_cancer_9_melanocytes	0.00125	0	0	0	0.00218102508178844
source_cancer_15_melanocytes	0.00250312891113892	0.00465116279069767	0	0	0.00437158469945355
source_cancer_16_melanocytes	0.00253485424588086	0.0048780487804878	0	0	0.00441988950276243
source_cancer_13_melanocytes	0.00252206809583859	0.00478468899521531	0	0	0.0044004400440044
source_cancer_21_melanocytes	0.00127388535031847	0	0	0	0.00110741971207087
source_cancer_1_melanocytes	0.00127877237851662	0	0	0	0.00111111111111111
source_cancer_12_melanocytes	0.0025062656641604	0.00467289719626168	0	0	0.00327868852459016
source_cancer_22_melanocytes	0.00126903553299492	0	0	0	0.00220994475138122
source_cancer_6_melanocytes	0.00125470514429109	0	0	0	0.00328587075575027
source_cancer_7_melanocytes	0.00252525252525253	0.00480769230769231	0	0	0.00440528634361234
source_cancer_8_melanocytes	0.00126422250316056	0.00485436893203883	0	0	0.00220264317180617
source_cancer_20_basal_cell	0.00246609124537608	0.00440528634361234	0	0	0.00539956803455724
source_cancer_0_basal_cell	0.00247524752475248	0.00446428571428571	0	0	0.00432900432900433
source_cancer_12_basal_cell	0.00246609124537608	0.00440528634361234	0	0	0.00431499460625674
source_cancer_14_basal_cell	0.00246609124537608	0.00440528634361234	0	0	0.00431499460625674
source_cancer_15_basal_cell	0.00248138957816377	0.0045045045045045	0	0	0.00433839479392625
source_cancer_16_basal_cell	0.00251572327044025	0.004739336492891	0	0	0.00439077936333699
source_cancer_17_basal_cell	0.0024906600249066	0.0045662100456621	0	0	0.0043525571273123
source_cancer_18_basal_cell	0.00248138957816377	0.0045045045045045	0	0	0.00433839479392625
source_cancer_2_basal_cell	0.00248138957816377	0.0045045045045045	0	0	0.00542888165038002
source_cancer_23_basal_cell	0.00245700245700246	0.00434782608695652	0	0	0.0043010752688172
source_cancer_3_basal_cell	0.00250312891113892	0.00465116279069767	0	0	0.00437158469945355
source_cancer_4_basal_cell	0.00249687890137328	0.00460829493087558	0	0	0.00436205016357688
source_cancer_10_basal_cell	0.00247831474597274	0.00448430493273543	0	0	0.00542299349240781
source_cancer_13_basal_cell	0.00250312891113892	0.00465116279069767	0	0	0.00437158469945355
source_cancer_5_basal_cell	0.00247831474597274	0.00448430493273543	0	0	0.00542299349240781
source_cancer_6_basal_cell	0.00125156445556946	0	0	0	0.00327868852459016
source_cancer_7_basal_cell	0.00249687890137328	0.00460829493087558	0	0	0.00436205016357688
source_cancer_9_basal_cell	0.0012453300124533	0	0	0	0.00326441784548422
source_cancer_1_basal_cell	0.00127551020408163	0	0	0	0.00110864745011086
source_cancer_21_basal_cell	0.00127064803049555	0	0	0	0.00110497237569061
source_cancer_22_basal_cell	0.00125786163522013	0	0	0	0.00329308452250274
source_cancer_11_basal_cell	0.00125	0.00465116279069767	0	0	0.00327510917030568
source_cancer_19_basal_cell	0	0	0	0	0
source_cancer_8_basal_cell	0.00126742712294043	0.00490196078431373	0	0	0.0022075055187638
source_cancer_17_ciliated_cell	0	0	0	0	0
source_cancer_3_ciliated_cell	0	0	0	0	0
source_cancer_4_ciliated_cell	0	0	0	0	0
source_cancer_5_ciliated_cell	0	0	0	0	0.00110132158590308
source_cancer_0_ciliated_cell	0	0.0048780487804878	0	0	0
source_cancer_14_ciliated_cell	0	0	0	0	0
source_cancer_23_ciliated_cell	0	0	0	0	0
source_cancer_11_ciliated_cell	0.00125628140703518	0.00952380952380952	0	0	0.00219058050383352
source_cancer_19_ciliated_cell	0	0	0	0	0
source_cancer_13_ciliated_cell	0	0	0	0	0
source_cancer_15_ciliated_cell	0	0	0	0	0
source_cancer_16_ciliated_cell	0	0	0	0	0
source_cancer_18_ciliated_cell	0	0	0	0	0.00110132158590308
source_cancer_2_ciliated_cell	0	0	0	0	0.0011037527593819
source_cancer_20_ciliated_cell	0	0	0	0	0.00110253583241455
source_cancer_21_ciliated_cell	0	0	0	0	0
source_cancer_10_ciliated_cell	0.00126422250316056	0.00485436893203883	0	0	0.00220264317180617
source_cancer_12_ciliated_cell	0	0	0	0	0.00110253583241455
source_cancer_1_ciliated_cell	0.00128040973111396	0.00510204081632653	0	0	0.00111234705228031
source_cancer_22_ciliated_cell	0	0	0	0	0.00111111111111111
source_cancer_6_ciliated_cell	0	0	0	0	0.00110497237569061
source_cancer_7_ciliated_cell	0	0	0	0	0
source_cancer_8_ciliated_cell	0	0	0	0	0.00110619469026549
source_cancer_9_ciliated_cell	0	0	0	0	0.00110497237569061
source_cancer_11_hepatocyte	0.00125786163522013	0.00476190476190476	0	0	0.00109529025191676
source_cancer_19_hepatocyte	0	0	0	0	0
source_cancer_2_hepatocyte	0.00251572327044025	0.004739336492891	0	0	0.00328947368421053
source_cancer_20_hepatocyte	0.00251889168765743	0.00476190476190476	0	0	0.00219298245614035
source_cancer_9_hepatocyte	0.00125786163522013	0	0	0	0.00219298245614035
source_cancer_12_hepatocyte	0.00250941028858218	0.00469483568075117	0	0	0.00328227571115974
source_cancer_0_hepatocyte	0.00250941028858218	0.00469483568075117	0	0	0.00438116100766703
source_cancer_10_hepatocyte	0.00251572327044025	0.004739336492891	0	0	0.00328947368421053
source_cancer_14_hepatocyte	0.0025062656641604	0.00467289719626168	0	0	0.00327868852459016
source_cancer_5_hepatocyte	0.00251256281407035	0.00471698113207547	0	0	0.00328587075575027
source_cancer_22_hepatocyte	0.00127226463104326	0	0	0	0.00110619469026549
source_cancer_15_hepatocyte	0.00252206809583859	0.00478468899521531	0	0	0.0021953896816685
source_cancer_16_hepatocyte	0.00253807106598985	0.00490196078431373	0	0	0.0022075055187638
source_cancer_17_hepatocyte	0.00254452926208651	0.00495049504950495	0	0	0.00221238938053097
source_cancer_3_hepatocyte	0.00253485424588086	0.0048780487804878	0	0	0.00220507166482911
source_cancer_4_hepatocyte	0.00253164556962025	0.00485436893203883	0	0	0.00220264317180617
source_cancer_23_hepatocyte	0.00252206809583859	0.00478468899521531	0	0	0.0021953896816685
source_cancer_13_hepatocyte	0.00253164556962025	0.00485436893203883	0	0	0.00330760749724366
source_cancer_18_hepatocyte	0.00125944584382872	0.00478468899521531	0	0	0.00109649122807018
source_cancer_21_hepatocyte	0	0	0	0	0
source_cancer_1_hepatocyte	0.00127551020408163	0	0	0	0.00110864745011086
source_cancer_6_hepatocyte	0.00126582278481013	0	0	0	0.00110132158590308
source_cancer_7_hepatocyte	0.00253807106598985	0.00490196078431373	0	0	0.0022075055187638
source_cancer_8_hepatocyte	0.00126742712294043	0.00490196078431373	0	0	0.00110253583241455
source_cancer_11_neuro_e_cell	0.00127551020408163	0	0	0	0
source_cancer_19_neuro_e_cell	0	0	0	0	0
source_cancer_0_neuro_e_cell	0.00127551020408163	0	0	0	0
source_cancer_10_neuro_e_cell	0.00127877237851662	0	0	0	0
source_cancer_12_neuro_e_cell	0.00127713920817369	0	0	0	0
source_cancer_13_neuro_e_cell	0.00127877237851662	0	0	0	0
source_cancer_14_neuro_e_cell	0.00127551020408163	0	0	0	0
source_cancer_15_neuro_e_cell	0	0	0	0	0
source_cancer_16_neuro_e_cell	0.00127877237851662	0	0	0	0
source_cancer_17_neuro_e_cell	0.00127551020408163	0	0	0	0
source_cancer_18_neuro_e_cell	0.00127551020408163	0	0	0	0
source_cancer_2_neuro_e_cell	0.00127551020408163	0	0	0	0
source_cancer_20_neuro_e_cell	0.00127713920817369	0	0	0	0
source_cancer_21_neuro_e_cell	0	0	0	0	0
source_cancer_22_neuro_e_cell	0	0	0	0	0
source_cancer_23_neuro_e_cell	0.00127551020408163	0	0	0	0
source_cancer_3_neuro_e_cell	0.00127877237851662	0	0	0	0
source_cancer_4_neuro_e_cell	0	0	0	0	0
source_cancer_5_neuro_e_cell	0.00127713920817369	0	0	0	0
source_cancer_6_neuro_e_cell	0	0	0	0	0
source_cancer_7_neuro_e_cell	0	0	0	0	0
source_cancer_9_neuro_e_cell	0.00127551020408163	0	0	0	0
source_cancer_1_neuro_e_cell	0	0	0	0	0
source_cancer_8_neuro_e_cell	0	0	0	0	0
source_cancer_11_Neutrophils	0.00126582278481013	0.0048780487804878	0	0	0.00220507166482911
source_cancer_19_Neutrophils	0	0	0	0	0
source_cancer_10_Neutrophils	0.00253164556962025	0.00485436893203883	0	0	0.00330760749724366
source_cancer_12_Neutrophils	0.00250941028858218	0.00469483568075117	0	0	0.00438116100766703
source_cancer_14_Neutrophils	0.00250312891113892	0.00465116279069767	0	0	0.00437158469945355
source_cancer_15_Neutrophils	0.00252844500632111	0.00483091787439614	0	0	0.00330396475770925
source_cancer_16_Neutrophils	0.00254777070063694	0.00497512437810945	0	0	0.00332594235033259
source_cancer_17_Neutrophils	0.00253807106598985	0.00490196078431373	0	0	0.00331491712707182
source_cancer_2_Neutrophils	0.00251572327044025	0.004739336492891	0	0	0.00439077936333699
source_cancer_20_Neutrophils	0.00253164556962025	0.00485436893203883	0	0	0.00330760749724366
source_cancer_21_Neutrophils	0	0	0	0	0
source_cancer_22_Neutrophils	0.00127713920817369	0	0	0	0.00110987791342952
source_cancer_3_Neutrophils	0.00253807106598985	0.00490196078431373	0	0	0.00331491712707182
source_cancer_4_Neutrophils	0.00253485424588086	0.0048780487804878	0	0	0.0033112582781457
source_cancer_5_Neutrophils	0.00252206809583859	0.00478468899521531	0	0	0.0032967032967033
source_cancer_7_Neutrophils	0.00253485424588086	0.0048780487804878	0	0	0.0033112582781457
source_cancer_9_Neutrophils	0.00126582278481013	0	0	0	0.00220507166482911
source_cancer_0_Neutrophils	0.00251572327044025	0.004739336492891	0	0	0.00439077936333699
source_cancer_13_Neutrophils	0.00253485424588086	0.0048780487804878	0	0	0.00441988950276243
source_cancer_18_Neutrophils	0.00127226463104326	0.00497512437810945	0	0	0.00110619469026549
source_cancer_23_Neutrophils	0.00251572327044025	0.004739336492891	0	0	0.00328947368421053
source_cancer_6_Neutrophils	0.00126903553299492	0	0	0	0.00220994475138122
source_cancer_8_Neutrophils	0.00127388535031847	0.005	0	0	0.00221729490022173
source_cancer_1_Neutrophils	0.00127877237851662	0	0	0	0.00111111111111111
source_cancer_2_B-cells-PB	0.00376884422110553	0.00943396226415094	0.0105263157894737	0.0108695652173913	0.00548245614035088
source_cancer_20_B-cells-PB	0.00499375780274657	0.00917431192660551	0.0099009900990099	0.0102040816326531	0.00654307524536532
source_cancer_9_B-cells-PB	0.00251572327044025	0.004739336492891	0.010752688172043	0.0111111111111111	0.00328947368421053
source_cancer_22_B-cells-PB	0.00253807106598985	0.00490196078431373	0.0116279069767442	0.0120481927710843	0.00331491712707182
source_cancer_0_B-cells-PB	0.00501882057716437	0.00934579439252336	0.0103092783505155	0.0106382978723404	0.00657174151150055
source_cancer_10_B-cells-PB	0.00501882057716437	0.00934579439252336	0.0103092783505155	0.0106382978723404	0.00657174151150055
source_cancer_14_B-cells-PB	0.00498753117206983	0.0091324200913242	0.00980392156862745	0.0101010101010101	0.0065359477124183
source_cancer_5_B-cells-PB	0.0050125313283208	0.00930232558139535	0.0102040816326531	0.0105263157894737	0.00656455142231947
source_cancer_1_B-cells-PB	0.00383141762452107	0.005	0.0121951219512195	0.0126582278481013	0.00332963374028857
source_cancer_11_B-cells-PB	0.00377358490566038	0.00947867298578199	0.0106382978723404	0.010989010989011	0.0043859649122807
source_cancer_12_B-cells-PB	0.0050125313283208	0.00930232558139535	0.0102040816326531	0.0105263157894737	0.00546448087431694
source_cancer_15_B-cells-PB	0.00501882057716437	0.00934579439252336	0.0103092783505155	0.0106382978723404	0.00657174151150055
source_cancer_18_B-cells-PB	0.00250941028858218	0.00469483568075117	0	0	0.00328227571115974
source_cancer_23_B-cells-PB	0.0049813200498132	0.00909090909090909	0.00970873786407767	0.01	0.00652883569096844
source_cancer_6_B-cells-PB	0.00377833753148615	0.004739336492891	0.010752688172043	0.0111111111111111	0.00439077936333699
source_cancer_7_B-cells-PB	0.00505050505050505	0.00956937799043062	0.0108695652173913	0.0112359550561798	0.0066079295154185
source_cancer_3_B-cells-PB	0.00506970849176172	0.00970873786407767	0.0112359550561798	0.0116279069767442	0.00662983425414365
source_cancer_4_B-cells-PB	0.00506329113924051	0.00966183574879227	0.0111111111111111	0.0114942528735632	0.00662251655629139
source_cancer_16_B-cells-PB	0.00508259212198221	0.00980392156862745	0.0114942528735632	0.0119047619047619	0.00664451827242525
source_cancer_17_B-cells-PB	0.00505689001264223	0.00961538461538462	0.010989010989011	0.0113636363636364	0.00550660792951542
source_cancer_13_B-cells-PB	0.00505689001264223	0.00961538461538462	0.010989010989011	0.0113636363636364	0.00661521499448732
source_cancer_21_B-cells-PB	0.00382165605095541	0.00495049504950495	0.0119047619047619	0.0123456790123457	0.00332225913621262
source_cancer_8_B-cells-PB	0.00253485424588086	0.00980392156862745	0.0114942528735632	0.0119047619047619	0.00220507166482911
source_cancer_19_B-cells-PB	0.00255102040816327	0.005	0.0121951219512195	0.0126582278481013	0.00221729490022173
source_cancer_2_Mast-cells	0.00251889168765743	0.00476190476190476	0	0	0.0043956043956044
source_cancer_20_Mast-cells	0.00252844500632111	0.00483091787439614	0	0	0.00441014332965821
source_cancer_9_Mast-cells	0.00125944584382872	0	0	0	0.0032967032967033
source_cancer_0_Mast-cells	0.00251572327044025	0.004739336492891	0	0	0.00439077936333699
source_cancer_10_Mast-cells	0.00253485424588086	0.0048780487804878	0	0	0.00441988950276243
source_cancer_14_Mast-cells	0.0025062656641604	0.00467289719626168	0	0	0.00437636761487965
source_cancer_5_Mast-cells	0.00251256281407035	0.00471698113207547	0	0	0.0043859649122807
source_cancer_11_Mast-cells	0.00126103404791929	0.00480769230769231	0	0	0.0021978021978022
source_cancer_22_Mast-cells	0.00126903553299492	0	0	0	0.00331858407079646
source_cancer_18_Mast-cells	0.00252844500632111	0.00483091787439614	0	0	0.00441014332965821
source_cancer_15_Mast-cells	0.00253164556962025	0.00485436893203883	0	0	0.00441501103752759
source_cancer_16_Mast-cells	0.00254452926208651	0.00495049504950495	0	0	0.00443458980044346
source_cancer_17_Mast-cells	0.00254129606099111	0.00492610837438424	0	0	0.0044296788482835
source_cancer_23_Mast-cells	0.00250941028858218	0.00469483568075117	0	0	0.00438116100766703
source_cancer_3_Mast-cells	0.00253485424588086	0.0048780487804878	0	0	0.00441988950276243
source_cancer_4_Mast-cells	0.00252844500632111	0.00483091787439614	0	0	0.00441014332965821
source_cancer_7_Mast-cells	0.00253164556962025	0.00485436893203883	0	0	0.00441501103752759
source_cancer_1_Mast-cells	0.00127713920817369	0	0	0	0.00110987791342952
source_cancer_12_Mast-cells	0.00251889168765743	0.00476190476190476	0	0	0.0043956043956044
source_cancer_13_Mast-cells	0.00252844500632111	0.00483091787439614	0	0	0.00441014332965821
source_cancer_19_Mast-cells	0	0	0	0	0
source_cancer_21_Mast-cells	0.00127388535031847	0	0	0	0.00221729490022173
source_cancer_6_Mast-cells	0.00126422250316056	0	0	0	0.00330760749724366
source_cancer_8_Mast-cells	0.00127064803049555	0.00495049504950495	0	0	0.00221238938053097
source_cancer_0_stroma	0.00251572327044025	0.004739336492891	0	0	0.00439077936333699
source_cancer_10_stroma	0.00252844500632111	0.00483091787439614	0	0	0.00441014332965821
source_cancer_14_stroma	0.00251256281407035	0.00471698113207547	0	0	0.0043859649122807
source_cancer_20_stroma	0.00251889168765743	0.00476190476190476	0	0	0.00329308452250274
source_cancer_5_stroma	0.00251889168765743	0.00476190476190476	0	0	0.0043956043956044
source_cancer_11_stroma	0.00126262626262626	0.00483091787439614	0	0	0.0010989010989011
source_cancer_22_stroma	0.00127226463104326	0	0	0	0.00221483942414175
source_cancer_15_stroma	0.00252206809583859	0.00478468899521531	0	0	0.0032967032967033
source_cancer_16_stroma	0.00253485424588086	0.0048780487804878	0	0	0.00441988950276243
source_cancer_17_stroma	0.00252844500632111	0.00483091787439614	0	0	0.00330396475770925
source_cancer_23_stroma	0.00250312891113892	0.00465116279069767	0	0	0.00327510917030568
source_cancer_3_stroma	0.00253485424588086	0.0048780487804878	0	0	0.00441988950276243
source_cancer_4_stroma	0.00253485424588086	0.0048780487804878	0	0	0.00441988950276243
source_cancer_12_stroma	0.00251889168765743	0.00476190476190476	0	0	0.00329308452250274
source_cancer_13_stroma	0.00252844500632111	0.00483091787439614	0	0	0.00441014332965821
source_cancer_18_stroma	0.00252206809583859	0.00478468899521531	0	0	0.0032967032967033
source_cancer_1_stroma	0.00127713920817369	0	0	0	0.00110987791342952
source_cancer_19_stroma	0	0	0	0	0
source_cancer_2_stroma	0.00252206809583859	0.00478468899521531	0	0	0.0044004400440044
source_cancer_21_stroma	0.00127877237851662	0	0	0	0.00111111111111111
source_cancer_6_stroma	0.00126582278481013	0	0	0	0.00220507166482911
source_cancer_7_stroma	0.00252525252525253	0.00480769230769231	0	0	0.00440528634361234
source_cancer_8_stroma	0.00126903553299492	0.00492610837438424	0	0	0.0011037527593819
source_cancer_9_stroma	0.00126262626262626	0	0	0	0.0022002200220022
