clone_1	clone_2	clone_3	clone_4	clone_5	clone_6
target_cancer_0_cancer	0	0.00467289719626168	0.00684931506849315	0	0	0
target_cancer_12_cancer	0	0.00480769230769231	0.00714285714285714	0	0	0
target_cancer_14_cancer	0	0.00454545454545455	0.00657894736842105	0	0	0
target_cancer_18_cancer	0	0.00452488687782805	0.0065359477124183	0	0	0
target_cancer_23_cancer	0	0.00393700787401575	0.00537634408602151	0	0	0
target_cancer_9_cancer	0	0.0050251256281407	0.00763358778625954	0	0	0
target_cancer_10_cancer	0	0.00462962962962963	0.00675675675675676	0	0	0
target_cancer_11_cancer	0	0.00490196078431373	0.00735294117647059	0	0	0
target_cancer_15_cancer	0	0.00495049504950495	0.00746268656716418	0	0	0
target_cancer_2_cancer	0	0.00476190476190476	0.00704225352112676	0	0	0
target_cancer_20_cancer	0	0.00423728813559322	0.00595238095238095	0	0	0
target_cancer_5_cancer	0	0.004739336492891	0.00699300699300699	0	0	0
target_cancer_1_cancer	0	0.00552486187845304	0.00884955752212389	0	0	0
target_cancer_17_cancer	0	0.00485436893203883	0.0072463768115942	0	0	0
target_cancer_13_cancer	0	0.00480769230769231	0.00714285714285714	0	0	0
target_cancer_6_cancer	0	0.00526315789473684	0.00819672131147541	0	0	0
target_cancer_22_cancer	0	0.0053475935828877	0.00840336134453781	0	0	0
target_cancer_21_cancer	0	0.00546448087431694	0.00869565217391304	0	0	0
target_cancer_4_cancer	0	0.0050761421319797	0.00775193798449612	0	0	0
target_cancer_3_cancer	0	0.00520833333333333	0.00806451612903226	0	0	0
target_cancer_7_cancer	0	0.00518134715025907	0.008	0	0	0
target_cancer_19_cancer	0	0.00636942675159236	0.0112359550561798	0	0	0
target_cancer_16_cancer	0	0.00552486187845304	0.00884955752212389	0	0	0
target_cancer_8_cancer	0	0.00591715976331361	0.0099009900990099	0	0	0
target_cancer_0_B-cells-M	0	0	0	0	0	0
target_cancer_12_B-cells-M	0	0	0	0	0	0
target_cancer_14_B-cells-M	0	0	0	0	0	0
target_cancer_18_B-cells-M	0	0	0	0	0	0
target_cancer_23_B-cells-M	0	0	0	0	0	0
target_cancer_9_B-cells-M	0	0	0	0	0	0
target_cancer_10_B-cells-M	0	0	0	0	0	0
target_cancer_11_B-cells-M	0	0	0	0	0	0
target_cancer_15_B-cells-M	0	0	0	0	0	0
target_cancer_2_B-cells-M	0	0	0	0	0	0
target_cancer_20_B-cells-M	0	0	0	0	0	0
target_cancer_5_B-cells-M	0	0	0	0	0	0
target_cancer_13_B-cells-M	0	0	0	0	0	0
target_cancer_16_B-cells-M	0	0	0	0	0	0
target_cancer_17_B-cells-M	0	0	0	0	0	0
target_cancer_3_B-cells-M	0	0	0	0	0	0
target_cancer_4_B-cells-M	0	0	0	0	0	0
target_cancer_6_B-cells-M	0	0	0	0	0	0
target_cancer_7_B-cells-M	0	0	0	0	0	0
target_cancer_8_B-cells-M	0	0	0	0	0	0
target_cancer_1_B-cells-M	0	0	0	0	0	0
target_cancer_21_B-cells-M	0	0	0	0	0	0
target_cancer_22_B-cells-M	0	0	0	0	0	0
target_cancer_0_B-cells-PB	0	0	0	0	0	0
target_cancer_12_B-cells-PB	0	0	0	0	0	0
target_cancer_14_B-cells-PB	0	0	0	0	0	0
target_cancer_18_B-cells-PB	0	0	0	0	0	0
target_cancer_23_B-cells-PB	0	0	0	0	0	0
target_cancer_9_B-cells-PB	0	0	0	0	0	0
target_cancer_10_B-cells-PB	0	0	0	0	0	0
target_cancer_11_B-cells-PB	0	0	0	0	0	0
target_cancer_15_B-cells-PB	0	0	0	0	0	0
target_cancer_2_B-cells-PB	0	0	0	0	0	0
target_cancer_20_B-cells-PB	0	0	0	0	0	0
target_cancer_5_B-cells-PB	0	0	0	0	0	0
target_cancer_22_B-cells-PB	0	0	0	0	0	0
target_cancer_4_B-cells-PB	0	0	0	0	0	0
target_cancer_6_B-cells-PB	0	0	0	0	0	0
target_cancer_1_B-cells-PB	0	0	0	0	0	0
target_cancer_17_B-cells-PB	0	0	0	0	0	0
target_cancer_13_B-cells-PB	0	0	0	0	0	0
target_cancer_3_B-cells-PB	0	0	0	0	0	0
target_cancer_7_B-cells-PB	0	0	0	0	0	0
target_cancer_16_B-cells-PB	0	0	0	0	0	0
target_cancer_8_B-cells-PB	0	0	0	0	0	0
target_cancer_19_B-cells-PB	0	0	0	0	0	0
target_cancer_21_B-cells-PB	0	0	0	0	0	0
target_cancer_0_Dendritic	0	0	0	0	0	0
target_cancer_12_Dendritic	0	0	0	0	0	0
target_cancer_14_Dendritic	0	0	0	0	0	0
target_cancer_18_Dendritic	0	0	0	0	0	0
target_cancer_23_Dendritic	0	0	0	0	0	0
target_cancer_9_Dendritic	0	0	0	0	0	0
target_cancer_10_Dendritic	0	0	0	0	0	0
target_cancer_11_Dendritic	0	0	0	0	0	0
target_cancer_15_Dendritic	0	0	0	0	0	0
target_cancer_2_Dendritic	0	0	0	0	0	0
target_cancer_20_Dendritic	0	0	0	0	0	0
target_cancer_5_Dendritic	0	0	0	0	0	0
target_cancer_13_Dendritic	0	0	0	0	0	0
target_cancer_16_Dendritic	0	0	0	0	0	0
target_cancer_17_Dendritic	0	0	0	0	0	0
target_cancer_3_Dendritic	0	0	0	0	0	0
target_cancer_4_Dendritic	0	0	0	0	0	0
target_cancer_6_Dendritic	0	0	0	0	0	0
target_cancer_7_Dendritic	0	0	0	0	0	0
target_cancer_8_Dendritic	0	0	0	0	0	0
target_cancer_21_Dendritic	0	0	0	0	0	0
target_cancer_1_Dendritic	0	0	0	0	0	0
target_cancer_22_Dendritic	0	0	0	0	0	0
target_cancer_19_Dendritic	0	0	0	0	0	0
target_cancer_0_Mast-cells	0	0	0	0	0	0
target_cancer_12_Mast-cells	0	0	0	0	0	0
target_cancer_14_Mast-cells	0	0	0	0	0	0
target_cancer_18_Mast-cells	0	0	0	0	0	0
target_cancer_23_Mast-cells	0	0	0	0	0	0
target_cancer_9_Mast-cells	0	0	0	0	0	0
target_cancer_10_Mast-cells	0	0	0	0	0	0
target_cancer_11_Mast-cells	0	0	0	0	0	0
target_cancer_15_Mast-cells	0	0	0	0	0	0
target_cancer_2_Mast-cells	0	0	0	0	0	0
target_cancer_20_Mast-cells	0	0	0	0	0	0
target_cancer_5_Mast-cells	0	0	0	0	0	0
target_cancer_13_Mast-cells	0	0	0	0	0	0
target_cancer_16_Mast-cells	0	0	0	0	0	0
target_cancer_17_Mast-cells	0	0	0	0	0	0
target_cancer_3_Mast-cells	0	0	0	0	0	0
target_cancer_4_Mast-cells	0	0	0	0	0	0
target_cancer_6_Mast-cells	0	0	0	0	0	0
target_cancer_7_Mast-cells	0	0	0	0	0	0
target_cancer_8_Mast-cells	0	0	0	0	0	0
target_cancer_1_Mast-cells	0	0	0	0	0	0
target_cancer_19_Mast-cells	0	0	0	0	0	0
target_cancer_21_Mast-cells	0	0	0	0	0	0
target_cancer_22_Mast-cells	0	0	0	0	0	0
target_cancer_0_MF-Monocytes	0	0	0	0	0	0
target_cancer_12_MF-Monocytes	0	0	0	0	0	0
target_cancer_14_MF-Monocytes	0	0	0	0	0	0
target_cancer_18_MF-Monocytes	0	0	0	0	0	0
target_cancer_23_MF-Monocytes	0	0	0	0	0	0
target_cancer_9_MF-Monocytes	0	0	0	0	0	0
target_cancer_10_MF-Monocytes	0	0	0	0	0	0
target_cancer_11_MF-Monocytes	0	0	0	0	0	0
target_cancer_15_MF-Monocytes	0	0	0	0	0	0
target_cancer_2_MF-Monocytes	0	0	0	0	0	0
target_cancer_20_MF-Monocytes	0	0	0	0	0	0
target_cancer_5_MF-Monocytes	0	0	0	0	0	0
target_cancer_13_MF-Monocytes	0	0	0	0	0	0
target_cancer_16_MF-Monocytes	0	0	0	0	0	0
target_cancer_17_MF-Monocytes	0	0	0	0	0	0
target_cancer_3_MF-Monocytes	0	0	0	0	0	0
target_cancer_4_MF-Monocytes	0	0	0	0	0	0
target_cancer_6_MF-Monocytes	0	0	0	0	0	0
target_cancer_7_MF-Monocytes	0	0	0	0	0	0
target_cancer_8_MF-Monocytes	0	0	0	0	0	0
target_cancer_21_MF-Monocytes	0	0	0	0	0	0
target_cancer_1_MF-Monocytes	0	0	0	0	0	0
target_cancer_22_MF-Monocytes	0	0	0	0	0	0
target_cancer_19_MF-Monocytes	0	0	0	0	0	0
target_cancer_0_pDCs	0	0	0	0	0	0
target_cancer_12_pDCs	0	0	0	0	0	0
target_cancer_14_pDCs	0	0	0	0	0	0
target_cancer_18_pDCs	0	0	0	0	0	0
target_cancer_23_pDCs	0	0	0	0	0	0
target_cancer_9_pDCs	0	0	0	0	0	0
target_cancer_10_pDCs	0	0	0	0	0	0
target_cancer_11_pDCs	0	0	0	0	0	0
target_cancer_15_pDCs	0	0	0	0	0	0
target_cancer_2_pDCs	0	0	0	0	0	0
target_cancer_20_pDCs	0	0	0	0	0	0
target_cancer_5_pDCs	0	0	0	0	0	0
target_cancer_13_pDCs	0	0	0	0	0	0
target_cancer_16_pDCs	0	0	0	0	0	0
target_cancer_17_pDCs	0	0	0	0	0	0
target_cancer_3_pDCs	0	0	0	0	0	0
target_cancer_4_pDCs	0	0	0	0	0	0
target_cancer_6_pDCs	0	0	0	0	0	0
target_cancer_7_pDCs	0	0	0	0	0	0
target_cancer_8_pDCs	0	0	0	0	0	0
target_cancer_21_pDCs	0	0	0	0	0	0
target_cancer_1_pDCs	0	0	0	0	0	0
target_cancer_19_pDCs	0	0	0	0	0	0
target_cancer_22_pDCs	0	0	0	0	0	0
target_cancer_0_T-cells	0	0	0	0	0	0
target_cancer_12_T-cells	0	0	0	0	0	0
target_cancer_14_T-cells	0	0	0	0	0	0
target_cancer_18_T-cells	0	0	0	0	0	0
target_cancer_23_T-cells	0	0	0	0	0	0
target_cancer_9_T-cells	0	0	0	0	0	0
target_cancer_10_T-cells	0	0	0	0	0	0
target_cancer_11_T-cells	0	0	0	0	0	0
target_cancer_15_T-cells	0	0	0	0	0	0
target_cancer_2_T-cells	0	0	0	0	0	0
target_cancer_20_T-cells	0	0	0	0	0	0
target_cancer_5_T-cells	0	0	0	0	0	0
target_cancer_13_T-cells	0	0	0	0	0	0
target_cancer_1_T-cells	0	0	0	0	0	0
target_cancer_21_T-cells	0	0	0	0	0	0
target_cancer_16_T-cells	0	0	0	0	0	0
target_cancer_17_T-cells	0	0	0	0	0	0
target_cancer_22_T-cells	0	0	0	0	0	0
target_cancer_3_T-cells	0	0	0	0	0	0
target_cancer_4_T-cells	0	0	0	0	0	0
target_cancer_6_T-cells	0	0	0	0	0	0
target_cancer_7_T-cells	0	0	0	0	0	0
target_cancer_8_T-cells	0	0	0	0	0	0
target_cancer_19_T-cells	0	0	0	0	0	0
target_cancer_0_fibroblast	0	0	0	0	0	0
target_cancer_12_fibroblast	0	0	0	0	0	0
target_cancer_14_fibroblast	0	0	0	0	0	0
target_cancer_18_fibroblast	0	0	0	0	0	0
target_cancer_23_fibroblast	0	0	0	0	0	0
target_cancer_9_fibroblast	0	0	0	0	0	0
target_cancer_10_fibroblast	0	0	0	0	0	0
target_cancer_11_fibroblast	0	0	0	0	0	0
target_cancer_15_fibroblast	0	0	0	0	0	0
target_cancer_2_fibroblast	0	0	0	0	0	0
target_cancer_20_fibroblast	0	0	0	0	0	0
target_cancer_5_fibroblast	0	0	0	0	0	0
target_cancer_1_fibroblast	0	0	0	0	0	0
target_cancer_17_fibroblast	0	0	0	0	0	0
target_cancer_13_fibroblast	0	0	0	0	0	0
target_cancer_22_fibroblast	0	0	0	0	0	0
target_cancer_16_fibroblast	0	0	0	0	0	0
target_cancer_3_fibroblast	0	0	0	0	0	0
target_cancer_4_fibroblast	0	0	0	0	0	0
target_cancer_6_fibroblast	0	0	0	0	0	0
target_cancer_7_fibroblast	0	0	0	0	0	0
target_cancer_8_fibroblast	0	0	0	0	0	0
target_cancer_21_fibroblast	0	0	0	0	0	0
target_cancer_19_fibroblast	0	0	0	0	0	0
target_cancer_0_alveolar_type_2	0	0.00568181818181818	0.00925925925925926	0	0	0
target_cancer_12_alveolar_type_2	0	0.00591715976331361	0.0099009900990099	0	0	0
target_cancer_14_alveolar_type_2	0	0.00564971751412429	0.00917431192660551	0	0	0
target_cancer_15_alveolar_type_2	0	0.00588235294117647	0.00980392156862745	0	0	0
target_cancer_23_alveolar_type_2	0	0.00540540540540541	0.00854700854700855	0	0	0
target_cancer_20_alveolar_type_2	0	0.00546448087431694	0.00869565217391304	0	0	0
target_cancer_1_alveolar_type_2	0	0.0065359477124183	0.0117647058823529	0	0	0
target_cancer_2_alveolar_type_2	0	0.00584795321637427	0.00970873786407767	0	0	0
target_cancer_17_alveolar_type_2	0	0.00581395348837209	0.00961538461538462	0	0	0
target_cancer_13_alveolar_type_2	0	0.00584795321637427	0.00970873786407767	0	0	0
target_cancer_10_alveolar_type_2	0	0.00574712643678161	0.00943396226415094	0	0	0
target_cancer_11_alveolar_type_2	0	0.00613496932515337	0.0105263157894737	0	0	0
target_cancer_18_alveolar_type_2	0	0.00574712643678161	0.00943396226415094	0	0	0
target_cancer_5_alveolar_type_2	0	0.00564971751412429	0.00917431192660551	0	0	0
target_cancer_6_alveolar_type_2	0	0.00613496932515337	0.0105263157894737	0	0	0
target_cancer_9_alveolar_type_2	0	0.00617283950617284	0.0106382978723404	0	0	0
target_cancer_16_alveolar_type_2	0	0.0062111801242236	0.010752688172043	0	0	0
target_cancer_3_alveolar_type_2	0	0.00595238095238095	0.01	0	0	0
target_cancer_4_alveolar_type_2	0	0.00595238095238095	0.01	0	0	0
target_cancer_7_alveolar_type_2	0	0.00609756097560976	0.0104166666666667	0	0	0
target_cancer_8_alveolar_type_2	0	0.00671140939597315	0.0123456790123457	0	0	0
target_cancer_21_alveolar_type_2	0	0.00657894736842105	0.0119047619047619	0	0	0
target_cancer_22_alveolar_type_2	0	0.00636942675159236	0.0112359550561798	0	0	0
target_cancer_19_alveolar_type_2	0	0.00714285714285714	0.0138888888888889	0	0	0
target_cancer_0_basal_cell	0	0.00578034682080925	0.00952380952380952	0	0	0
target_cancer_12_basal_cell	0	0.00578034682080925	0.00952380952380952	0	0	0
target_cancer_14_basal_cell	0	0.00564971751412429	0.00917431192660551	0	0	0
target_cancer_15_basal_cell	0	0.00584795321637427	0.00970873786407767	0	0	0
target_cancer_23_basal_cell	0	0.00540540540540541	0.00854700854700855	0	0	0
target_cancer_20_basal_cell	0	0.00540540540540541	0.00854700854700855	0	0	0
target_cancer_1_basal_cell	0	0.00628930817610063	0.010989010989011	0	0	0
target_cancer_2_basal_cell	0	0.00574712643678161	0.00943396226415094	0	0	0
target_cancer_17_basal_cell	0	0.00581395348837209	0.00961538461538462	0	0	0
target_cancer_13_basal_cell	0	0.00584795321637427	0.00970873786407767	0	0	0
target_cancer_10_basal_cell	0	0.00578034682080925	0.00952380952380952	0	0	0
target_cancer_11_basal_cell	0	0.00598802395209581	0.0101010101010101	0	0	0
target_cancer_18_basal_cell	0	0.00561797752808989	0.00909090909090909	0	0	0
target_cancer_5_basal_cell	0	0.00578034682080925	0.00952380952380952	0	0	0
target_cancer_9_basal_cell	0	0.00613496932515337	0.0105263157894737	0	0	0
target_cancer_22_basal_cell	0	0.00613496932515337	0.0105263157894737	0	0	0
target_cancer_4_basal_cell	0	0.00602409638554217	0.0102040816326531	0	0	0
target_cancer_6_basal_cell	0	0.00628930817610063	0.010989010989011	0	0	0
target_cancer_3_basal_cell	0	0.00613496932515337	0.0105263157894737	0	0	0
target_cancer_7_basal_cell	0	0.00613496932515337	0.0105263157894737	0	0	0
target_cancer_19_basal_cell	0	0.00709219858156028	0.0136986301369863	0	0	0
target_cancer_21_basal_cell	0	0.00641025641025641	0.0113636363636364	0	0	0
target_cancer_16_basal_cell	0	0.00636942675159236	0.0112359550561798	0	0	0
target_cancer_8_basal_cell	0	0.00671140939597315	0.0123456790123457	0	0	0
target_cancer_0_ciliated_cell	0	0.00666666666666667	0.0121951219512195	0	0	0
target_cancer_10_ciliated_cell	0	0.0065359477124183	0.0117647058823529	0	0	0
target_cancer_11_ciliated_cell	0	0.00671140939597315	0.0123456790123457	0	0	0
target_cancer_13_ciliated_cell	0	0.00671140939597315	0.0123456790123457	0	0	0
target_cancer_14_ciliated_cell	0	0.00649350649350649	0.0116279069767442	0	0	0
target_cancer_15_ciliated_cell	0	0.00666666666666667	0.0121951219512195	0	0	0
target_cancer_18_ciliated_cell	0	0.00689655172413793	0.012987012987013	0	0	0
target_cancer_2_ciliated_cell	0	0.00657894736842105	0.0119047619047619	0	0	0
target_cancer_20_ciliated_cell	0	0.00641025641025641	0.0113636363636364	0	0	0
target_cancer_23_ciliated_cell	0	0.00641025641025641	0.0113636363636364	0	0	0
target_cancer_5_ciliated_cell	0	0.0065359477124183	0.0117647058823529	0	0	0
target_cancer_6_ciliated_cell	0	0.00694444444444444	0.0131578947368421	0	0	0
target_cancer_9_ciliated_cell	0	0.00694444444444444	0.0131578947368421	0	0	0
target_cancer_1_ciliated_cell	0	0.00684931506849315	0.0128205128205128	0	0	0
target_cancer_22_ciliated_cell	0	0.00680272108843537	0.0126582278481013	0	0	0
target_cancer_12_ciliated_cell	0	0.00675675675675676	0.0125	0	0	0
target_cancer_16_ciliated_cell	0	0.00680272108843537	0.0126582278481013	0	0	0
target_cancer_17_ciliated_cell	0	0.00671140939597315	0.0123456790123457	0	0	0
target_cancer_3_ciliated_cell	0	0.00675675675675676	0.0125	0	0	0
target_cancer_4_ciliated_cell	0	0.00675675675675676	0.0125	0	0	0
target_cancer_7_ciliated_cell	0	0.00684931506849315	0.0128205128205128	0	0	0
target_cancer_21_ciliated_cell	0	0.00699300699300699	0.0133333333333333	0	0	0
target_cancer_8_ciliated_cell	0	0.00704225352112676	0.0135135135135135	0	0	0
target_cancer_19_ciliated_cell	0	0.00735294117647059	0.0147058823529412	0	0	0
target_cancer_0_club cell	0	0.00564971751412429	0.00917431192660551	0	0	0
target_cancer_10_club cell	0	0.00552486187845304	0.00884955752212389	0	0	0
target_cancer_11_club cell	0	0.00581395348837209	0.00961538461538462	0	0	0
target_cancer_12_club cell	0	0.00571428571428571	0.00934579439252336	0	0	0
target_cancer_13_club cell	0	0.00561797752808989	0.00909090909090909	0	0	0
target_cancer_14_club cell	0	0.00558659217877095	0.00900900900900901	0	0	0
target_cancer_15_club cell	0	0.00574712643678161	0.00943396226415094	0	0	0
target_cancer_17_club cell	0	0.00558659217877095	0.00900900900900901	0	0	0
target_cancer_18_club cell	0	0.00558659217877095	0.00900900900900901	0	0	0
target_cancer_2_club cell	0	0.00571428571428571	0.00934579439252336	0	0	0
target_cancer_20_club cell	0	0.00518134715025907	0.008	0	0	0
target_cancer_23_club cell	0	0.00526315789473684	0.00819672131147541	0	0	0
target_cancer_5_club cell	0	0.00552486187845304	0.00884955752212389	0	0	0
target_cancer_6_club cell	0	0.00581395348837209	0.00961538461538462	0	0	0
target_cancer_9_club cell	0	0.00581395348837209	0.00961538461538462	0	0	0
target_cancer_22_club cell	0	0.00617283950617284	0.0106382978723404	0	0	0
target_cancer_4_club cell	0	0.00578034682080925	0.00952380952380952	0	0	0
target_cancer_1_club cell	0	0.00636942675159236	0.0112359550561798	0	0	0
target_cancer_3_club cell	0	0.00578034682080925	0.00952380952380952	0	0	0
target_cancer_7_club cell	0	0.00588235294117647	0.00980392156862745	0	0	0
target_cancer_16_club cell	0	0.00613496932515337	0.0105263157894737	0	0	0
target_cancer_8_club cell	0	0.0065359477124183	0.0117647058823529	0	0	0
target_cancer_21_club cell	0	0.00636942675159236	0.0112359550561798	0	0	0
target_cancer_19_club cell	0	0.00699300699300699	0.0133333333333333	0	0	0
target_cancer_0_hepatocyte	0	0.00628930817610063	0.010989010989011	0	0	0
target_cancer_10_hepatocyte	0	0.00628930817610063	0.010989010989011	0	0	0
target_cancer_11_hepatocyte	0	0.00657894736842105	0.0119047619047619	0	0	0
target_cancer_12_hepatocyte	0	0.00657894736842105	0.0119047619047619	0	0	0
target_cancer_13_hepatocyte	0	0.00641025641025641	0.0113636363636364	0	0	0
target_cancer_14_hepatocyte	0	0.00636942675159236	0.0112359550561798	0	0	0
target_cancer_15_hepatocyte	0	0.0065359477124183	0.0117647058823529	0	0	0
target_cancer_17_hepatocyte	0	0.00662251655629139	0.0120481927710843	0	0	0
target_cancer_18_hepatocyte	0	0.00641025641025641	0.0113636363636364	0	0	0
target_cancer_2_hepatocyte	0	0.00625	0.0108695652173913	0	0	0
target_cancer_20_hepatocyte	0	0.0062111801242236	0.010752688172043	0	0	0
target_cancer_23_hepatocyte	0	0.00617283950617284	0.0106382978723404	0	0	0
target_cancer_5_hepatocyte	0	0.00636942675159236	0.0112359550561798	0	0	0
target_cancer_6_hepatocyte	0	0.00671140939597315	0.0123456790123457	0	0	0
target_cancer_9_hepatocyte	0	0.00662251655629139	0.0120481927710843	0	0	0
target_cancer_16_hepatocyte	0	0.00671140939597315	0.0123456790123457	0	0	0
target_cancer_3_hepatocyte	0	0.0065359477124183	0.0117647058823529	0	0	0
target_cancer_4_hepatocyte	0	0.00645161290322581	0.0114942528735632	0	0	0
target_cancer_7_hepatocyte	0	0.00657894736842105	0.0119047619047619	0	0	0
target_cancer_8_hepatocyte	0	0.00684931506849315	0.0128205128205128	0	0	0
target_cancer_21_hepatocyte	0	0.00666666666666667	0.0121951219512195	0	0	0
target_cancer_19_hepatocyte	0	0.00740740740740741	0.0149253731343284	0	0	0
target_cancer_22_hepatocyte	0	0.00689655172413793	0.012987012987013	0	0	0
target_cancer_1_hepatocyte	0	0.00684931506849315	0.0128205128205128	0	0	0
target_cancer_0_ionocyte	0	0.0062111801242236	0.010752688172043	0	0	0
target_cancer_10_ionocyte	0	0.00595238095238095	0.01	0	0	0
target_cancer_11_ionocyte	0	0.00632911392405063	0.0111111111111111	0	0	0
target_cancer_12_ionocyte	0	0.00632911392405063	0.0111111111111111	0	0	0
target_cancer_13_ionocyte	0	0.00617283950617284	0.0106382978723404	0	0	0
target_cancer_14_ionocyte	0	0.00613496932515337	0.0105263157894737	0	0	0
target_cancer_15_ionocyte	0	0.0062111801242236	0.010752688172043	0	0	0
target_cancer_17_ionocyte	0	0.00606060606060606	0.0103092783505155	0	0	0
target_cancer_18_ionocyte	0	0.00606060606060606	0.0103092783505155	0	0	0
target_cancer_2_ionocyte	0	0.00609756097560976	0.0104166666666667	0	0	0
target_cancer_20_ionocyte	0	0.00581395348837209	0.00961538461538462	0	0	0
target_cancer_23_ionocyte	0	0.00581395348837209	0.00961538461538462	0	0	0
target_cancer_5_ionocyte	0	0.00588235294117647	0.00980392156862745	0	0	0
target_cancer_6_ionocyte	0	0.00641025641025641	0.0113636363636364	0	0	0
target_cancer_9_ionocyte	0	0.00628930817610063	0.010989010989011	0	0	0
target_cancer_16_ionocyte	0	0.00645161290322581	0.0114942528735632	0	0	0
target_cancer_3_ionocyte	0	0.00613496932515337	0.0105263157894737	0	0	0
target_cancer_4_ionocyte	0	0.00617283950617284	0.0106382978723404	0	0	0
target_cancer_7_ionocyte	0	0.00632911392405063	0.0111111111111111	0	0	0
target_cancer_8_ionocyte	0	0.00684931506849315	0.0128205128205128	0	0	0
target_cancer_21_ionocyte	0	0.00675675675675676	0.0125	0	0	0
target_cancer_1_ionocyte	0	0.00680272108843537	0.0126582278481013	0	0	0
target_cancer_19_ionocyte	0	0.00704225352112676	0.0135135135135135	0	0	0
target_cancer_22_ionocyte	0	0.0065359477124183	0.0117647058823529	0	0	0
target_cancer_0_alveolar_type_1	0	0.00609756097560976	0.0104166666666667	0	0	0
target_cancer_10_alveolar_type_1	0	0.00602409638554217	0.0102040816326531	0	0	0
target_cancer_11_alveolar_type_1	0	0.0062111801242236	0.010752688172043	0	0	0
target_cancer_12_alveolar_type_1	0	0.00632911392405063	0.0111111111111111	0	0	0
target_cancer_13_alveolar_type_1	0	0.00617283950617284	0.0106382978723404	0	0	0
target_cancer_14_alveolar_type_1	0	0.00613496932515337	0.0105263157894737	0	0	0
target_cancer_15_alveolar_type_1	0	0.00628930817610063	0.010989010989011	0	0	0
target_cancer_16_alveolar_type_1	0	0.00657894736842105	0.0119047619047619	0	0	0
target_cancer_17_alveolar_type_1	0	0.00617283950617284	0.0106382978723404	0	0	0
target_cancer_18_alveolar_type_1	0	0.00617283950617284	0.0106382978723404	0	0	0
target_cancer_2_alveolar_type_1	0	0.00625	0.0108695652173913	0	0	0
target_cancer_20_alveolar_type_1	0	0.00581395348837209	0.00961538461538462	0	0	0
target_cancer_23_alveolar_type_1	0	0.00578034682080925	0.00952380952380952	0	0	0
target_cancer_3_alveolar_type_1	0	0.00628930817610063	0.010989010989011	0	0	0
target_cancer_4_alveolar_type_1	0	0.00625	0.0108695652173913	0	0	0
target_cancer_5_alveolar_type_1	0	0.00606060606060606	0.0103092783505155	0	0	0
target_cancer_6_alveolar_type_1	0	0.00632911392405063	0.0111111111111111	0	0	0
target_cancer_7_alveolar_type_1	0	0.00632911392405063	0.0111111111111111	0	0	0
target_cancer_8_alveolar_type_1	0	0.00675675675675676	0.0125	0	0	0
target_cancer_9_alveolar_type_1	0	0.00636942675159236	0.0112359550561798	0	0	0
target_cancer_21_alveolar_type_1	0	0.00671140939597315	0.0123456790123457	0	0	0
target_cancer_1_alveolar_type_1	0	0.00675675675675676	0.0125	0	0	0
target_cancer_22_alveolar_type_1	0	0.00675675675675676	0.0125	0	0	0
target_cancer_19_alveolar_type_1	0	0.00719424460431655	0.0140845070422535	0	0	0
target_cancer_0_endothelial	0	0	0	0	0	0
target_cancer_10_endothelial	0	0	0	0	0	0
target_cancer_11_endothelial	0	0	0	0	0	0
target_cancer_12_endothelial	0	0	0	0	0	0
target_cancer_13_endothelial	0	0	0	0	0	0
target_cancer_14_endothelial	0	0	0	0	0	0
target_cancer_15_endothelial	0	0	0	0	0	0
target_cancer_16_endothelial	0	0	0	0	0	0
target_cancer_17_endothelial	0	0	0	0	0	0
target_cancer_18_endothelial	0	0	0	0	0	0
target_cancer_2_endothelial	0	0	0	0	0	0
target_cancer_20_endothelial	0	0	0	0	0	0
target_cancer_23_endothelial	0	0	0	0	0	0
target_cancer_3_endothelial	0	0	0	0	0	0
target_cancer_4_endothelial	0	0	0	0	0	0
target_cancer_5_endothelial	0	0	0	0	0	0
target_cancer_6_endothelial	0	0	0	0	0	0
target_cancer_7_endothelial	0	0	0	0	0	0
target_cancer_8_endothelial	0	0	0	0	0	0
target_cancer_9_endothelial	0	0	0	0	0	0
target_cancer_21_endothelial	0	0	0	0	0	0
target_cancer_1_endothelial	0	0	0	0	0	0
target_cancer_19_endothelial	0	0	0	0	0	0
target_cancer_22_endothelial	0	0	0	0	0	0
target_cancer_11_melanocytes	0	0.00632911392405063	0.0111111111111111	0	0	0
target_cancer_1_melanocytes	0	0.00671140939597315	0.0123456790123457	0	0	0
target_cancer_21_melanocytes	0	0.00662251655629139	0.0120481927710843	0	0	0
target_cancer_0_melanocytes	0	0.00606060606060606	0.0103092783505155	0	0	0
target_cancer_10_melanocytes	0	0.00613496932515337	0.0105263157894737	0	0	0
target_cancer_12_melanocytes	0	0.00636942675159236	0.0112359550561798	0	0	0
target_cancer_13_melanocytes	0	0.00617283950617284	0.0106382978723404	0	0	0
target_cancer_14_melanocytes	0	0.00609756097560976	0.0104166666666667	0	0	0
target_cancer_15_melanocytes	0	0.00632911392405063	0.0111111111111111	0	0	0
target_cancer_16_melanocytes	0	0.00662251655629139	0.0120481927710843	0	0	0
target_cancer_17_melanocytes	0	0.00625	0.0108695652173913	0	0	0
target_cancer_18_melanocytes	0	0.00613496932515337	0.0105263157894737	0	0	0
target_cancer_19_melanocytes	0	0.00699300699300699	0.0133333333333333	0	0	0
target_cancer_2_melanocytes	0	0.0062111801242236	0.010752688172043	0	0	0
target_cancer_20_melanocytes	0	0.00588235294117647	0.00980392156862745	0	0	0
target_cancer_22_melanocytes	0	0.00657894736842105	0.0119047619047619	0	0	0
target_cancer_23_melanocytes	0	0.00598802395209581	0.0101010101010101	0	0	0
target_cancer_3_melanocytes	0	0.00632911392405063	0.0111111111111111	0	0	0
target_cancer_4_melanocytes	0	0.00636942675159236	0.0112359550561798	0	0	0
target_cancer_5_melanocytes	0	0.00613496932515337	0.0105263157894737	0	0	0
target_cancer_6_melanocytes	0	0.00645161290322581	0.0114942528735632	0	0	0
target_cancer_7_melanocytes	0	0.0062111801242236	0.010752688172043	0	0	0
target_cancer_9_melanocytes	0	0.00636942675159236	0.0112359550561798	0	0	0
target_cancer_8_melanocytes	0	0.00684931506849315	0.0128205128205128	0	0	0
target_cancer_21_Neutrophils	0	0	0	0	0	0
target_cancer_0_Neutrophils	0	0	0	0	0	0
target_cancer_10_Neutrophils	0	0	0	0	0	0
target_cancer_11_Neutrophils	0	0	0	0	0	0
target_cancer_13_Neutrophils	0	0	0	0	0	0
target_cancer_14_Neutrophils	0	0	0	0	0	0
target_cancer_18_Neutrophils	0	0	0	0	0	0
target_cancer_2_Neutrophils	0	0	0	0	0	0
target_cancer_20_Neutrophils	0	0	0	0	0	0
target_cancer_23_Neutrophils	0	0	0	0	0	0
target_cancer_6_Neutrophils	0	0	0	0	0	0
target_cancer_8_Neutrophils	0	0	0	0	0	0
target_cancer_9_Neutrophils	0	0	0	0	0	0
target_cancer_12_Neutrophils	0	0	0	0	0	0
target_cancer_15_Neutrophils	0	0	0	0	0	0
target_cancer_16_Neutrophils	0	0	0	0	0	0
target_cancer_17_Neutrophils	0	0	0	0	0	0
target_cancer_3_Neutrophils	0	0	0	0	0	0
target_cancer_4_Neutrophils	0	0	0	0	0	0
target_cancer_5_Neutrophils	0	0	0	0	0	0
target_cancer_7_Neutrophils	0	0	0	0	0	0
target_cancer_1_Neutrophils	0	0	0	0	0	0
target_cancer_22_Neutrophils	0	0	0	0	0	0
target_cancer_19_Neutrophils	0	0	0	0	0	0
target_cancer_10_stroma	0	0.00641025641025641	0.0113636363636364	0	0	0
target_cancer_12_stroma	0	0.00666666666666667	0.0121951219512195	0	0	0
target_cancer_13_stroma	0	0.0065359477124183	0.0117647058823529	0	0	0
target_cancer_15_stroma	0	0.00657894736842105	0.0119047619047619	0	0	0
target_cancer_16_stroma	0	0.00649350649350649	0.0116279069767442	0	0	0
target_cancer_17_stroma	0	0.00636942675159236	0.0112359550561798	0	0	0
target_cancer_18_stroma	0	0.0065359477124183	0.0117647058823529	0	0	0
target_cancer_2_stroma	0	0.00636942675159236	0.0112359550561798	0	0	0
target_cancer_20_stroma	0	0.00617283950617284	0.0106382978723404	0	0	0
target_cancer_3_stroma	0	0.00641025641025641	0.0113636363636364	0	0	0
target_cancer_4_stroma	0	0.00641025641025641	0.0113636363636364	0	0	0
target_cancer_5_stroma	0	0.00628930817610063	0.010989010989011	0	0	0
target_cancer_7_stroma	0	0.00657894736842105	0.0119047619047619	0	0	0
target_cancer_1_stroma	0	0.00666666666666667	0.0121951219512195	0	0	0
target_cancer_0_stroma	0	0.00641025641025641	0.0113636363636364	0	0	0
target_cancer_11_stroma	0	0.0065359477124183	0.0117647058823529	0	0	0
target_cancer_14_stroma	0	0.00649350649350649	0.0116279069767442	0	0	0
target_cancer_22_stroma	0	0.00666666666666667	0.0121951219512195	0	0	0
target_cancer_23_stroma	0	0.00625	0.0108695652173913	0	0	0
target_cancer_6_stroma	0	0.00671140939597315	0.0123456790123457	0	0	0
target_cancer_8_stroma	0	0.00694444444444444	0.0131578947368421	0	0	0
target_cancer_9_stroma	0	0.00671140939597315	0.0123456790123457	0	0	0
target_cancer_19_stroma	0	0.0072992700729927	0.0144927536231884	0	0	0
target_cancer_21_stroma	0	0.00689655172413793	0.012987012987013	0	0	0
target_cancer_0_neuro_e_cell	0	0.00675675675675676	0.0125	0	0	0
target_cancer_10_neuro_e_cell	0	0.00675675675675676	0.0125	0	0	0
target_cancer_11_neuro_e_cell	0	0.00689655172413793	0.012987012987013	0	0	0
target_cancer_12_neuro_e_cell	0	0.00689655172413793	0.012987012987013	0	0	0
target_cancer_13_neuro_e_cell	0	0.00675675675675676	0.0125	0	0	0
target_cancer_14_neuro_e_cell	0	0.00666666666666667	0.0121951219512195	0	0	0
target_cancer_15_neuro_e_cell	0	0.00680272108843537	0.0126582278481013	0	0	0
target_cancer_16_neuro_e_cell	0	0.00675675675675676	0.0125	0	0	0
target_cancer_17_neuro_e_cell	0	0.00662251655629139	0.0120481927710843	0	0	0
target_cancer_18_neuro_e_cell	0	0.00662251655629139	0.0120481927710843	0	0	0
target_cancer_2_neuro_e_cell	0	0.00671140939597315	0.0123456790123457	0	0	0
target_cancer_20_neuro_e_cell	0	0.00649350649350649	0.0116279069767442	0	0	0
target_cancer_22_neuro_e_cell	0	0.00675675675675676	0.0125	0	0	0
target_cancer_23_neuro_e_cell	0	0.00666666666666667	0.0121951219512195	0	0	0
target_cancer_3_neuro_e_cell	0	0.00671140939597315	0.0123456790123457	0	0	0
target_cancer_4_neuro_e_cell	0	0.00671140939597315	0.0123456790123457	0	0	0
target_cancer_5_neuro_e_cell	0	0.00662251655629139	0.0120481927710843	0	0	0
target_cancer_6_neuro_e_cell	0	0.00684931506849315	0.0128205128205128	0	0	0
target_cancer_7_neuro_e_cell	0	0.00675675675675676	0.0125	0	0	0
target_cancer_8_neuro_e_cell	0	0.00709219858156028	0.0136986301369863	0	0	0
target_cancer_9_neuro_e_cell	0	0.00680272108843537	0.0126582278481013	0	0	0
target_cancer_19_neuro_e_cell	0	0.00714285714285714	0.0138888888888889	0	0	0
target_cancer_1_neuro_e_cell	0	0.00709219858156028	0.0136986301369863	0	0	0
target_cancer_21_neuro_e_cell	0	0.0072463768115942	0.0142857142857143	0	0	0
source_cancer_16_cancer	0	0.0555555555555556	0.0338983050847458	0.0606060606060606	0.0235294117647059	0.0307692307692308
source_cancer_17_cancer	0	0.0456852791878173	0.0298507462686567	0.0431034482758621	0.0160427807486631	0.0246913580246914
source_cancer_18_cancer	0	0.0184331797235023	0.0132450331125828	0.00740740740740741	0	0
source_cancer_23_cancer	0	0.0420168067226891	0.0227272727272727	0.0382165605095541	0.0175438596491228	0.016260162601626
source_cancer_3_cancer	0	0.0512820512820513	0.0300751879699248	0.0526315789473684	0.0216216216216216	0.025
source_cancer_4_cancer	0	0.0505050505050505	0.0294117647058824	0.0423728813559322	0.0212765957446809	0.0240963855421687
source_cancer_5_cancer	0	0.0428571428571429	0.0272108843537415	0.046875	0.0201005025125628	0.0105263157894737
source_cancer_14_cancer	0	0.0311111111111111	0.0186335403726708	0.0208333333333333	0.0188679245283019	0.00925925925925926
source_cancer_15_cancer	0	0.0456852791878173	0.0298507462686567	0.0521739130434783	0.027027027027027	0.0121951219512195
source_cancer_2_cancer	0	0.0297029702970297	0.0144927536231884	0.025	0.0105263157894737	0.0119047619047619
source_cancer_6_cancer	0	0.0353535353535354	0.0300751879699248	0.0434782608695652	0.0216216216216216	0.0123456790123457
source_cancer_9_cancer	0	0.0346534653465347	0.0291970802919708	0.0508474576271186	0.0211640211640212	0.0117647058823529
source_cancer_0_cancer	0	0.0414746543778802	0.025974025974026	0.0367647058823529	0.0194174757281553	0.0198019801980198
source_cancer_10_cancer	0	0.0465116279069767	0.0261437908496732	0.0447761194029851	0.0245098039215686	0.02
source_cancer_11_cancer	0	0.050251256281407	0.0217391304347826	0.0508474576271186	0.0211640211640212	0.0238095238095238
source_cancer_12_cancer	0	0.0432692307692308	0.0275862068965517	0.0393700787401575	0.0151515151515152	0.0217391304347826
source_cancer_20_cancer	0	0.036697247706422	0.025974025974026	0.0444444444444444	0.0194174757281553	0.0198019801980198
source_cancer_19_cancer	0	0.0122699386503067	0.0104166666666667	0.0126582278481013	0	0
source_cancer_22_cancer	0	0.0110497237569061	0.0176991150442478	0.0103092783505155	0	0
source_cancer_1_cancer	0	0.0411764705882353	0.0283018867924528	0.0697674418604651	0.0254777070063694	0.0188679245283019
source_cancer_13_cancer	0	0.0317460317460317	0.0241935483870968	0.0377358490566038	0.0228571428571429	0.0140845070422535
source_cancer_21_cancer	0	0.0393258426966292	0.0263157894736842	0.0416666666666667	0.0242424242424242	0.0333333333333333
source_cancer_7_cancer	0	0.0546448087431694	0.0330578512396694	0.0485436893203883	0.0290697674418605	0.0294117647058824
source_cancer_8_cancer	0	0.0238095238095238	0.0196078431372549	0.0235294117647059	0	0
source_cancer_16_Dendritic	0	0.05625	0.0412371134020619	0.0769230769230769	0.0268456375838926	0.0454545454545455
source_cancer_17_Dendritic	0	0.0613496932515337	0.0396039603960396	0.0602409638554217	0.0261437908496732	0.0416666666666667
source_cancer_18_Dendritic	0	0.0239520958083832	0.0198019801980198	0.0117647058823529	0.00649350649350649	0
source_cancer_3_Dendritic	0	0.0606060606060606	0.0388349514563107	0.0714285714285714	0.0258064516129032	0.04
source_cancer_4_Dendritic	0	0.0609756097560976	0.0392156862745098	0.072289156626506	0.025974025974026	0.0408163265306122
source_cancer_5_Dendritic	0	0.0571428571428571	0.0353982300884956	0.0638297872340425	0.0242424242424242	0.0333333333333333
source_cancer_14_Dendritic	0	0.04	0.027027027027027	0.0319148936170213	0.0246913580246914	0.0350877192982456
source_cancer_15_Dendritic	0	0.0591715976331361	0.0373831775700935	0.0681818181818182	0.0316455696202532	0.037037037037037
source_cancer_2_Dendritic	0	0.0479041916167665	0.0288461538461538	0.0465116279069767	0.0192307692307692	0.04
source_cancer_6_Dendritic	0	0.0535714285714286	0.0380952380952381	0.0574712643678161	0.032051282051282	0.0384615384615385
source_cancer_9_Dendritic	0	0.0481927710843374	0.0392156862745098	0.072289156626506	0.025974025974026	0.0408163265306122
source_cancer_0_Dendritic	0	0.0473372781065089	0.0380952380952381	0.0574712643678161	0.0254777070063694	0.0384615384615385
source_cancer_1_Dendritic	0	0.0522875816993464	0.0333333333333333	0.0857142857142857	0.0283687943262411	0.0555555555555556
source_cancer_10_Dendritic	0	0.0578034682080925	0.036036036036036	0.0652173913043478	0.0308641975308642	0.0344827586206897
source_cancer_11_Dendritic	0	0.0588235294117647	0.0275229357798165	0.0674157303370786	0.025	0.0363636363636364
source_cancer_12_Dendritic	0	0.0520231213872832	0.0363636363636364	0.0659340659340659	0.0246913580246914	0.0350877192982456
source_cancer_13_Dendritic	0	0.0487804878048781	0.0297029702970297	0.0481927710843374	0.033112582781457	0.0425531914893617
source_cancer_20_Dendritic	0	0.0520231213872832	0.0363636363636364	0.0659340659340659	0.031055900621118	0.0350877192982456
source_cancer_21_Dendritic	0	0.0516129032258065	0.043956043956044	0.0684931506849315	0.027972027972028	0.0526315789473684
source_cancer_7_Dendritic	0	0.0569620253164557	0.0421052631578947	0.0649350649350649	0.0272108843537415	0.0476190476190476
source_cancer_8_Dendritic	0	0.0576923076923077	0.0319148936170213	0.0810810810810811	0.0205479452054795	0.05
source_cancer_19_Dendritic	0	0.0277777777777778	0.0126582278481013	0.0161290322580645	0.00763358778625954	0.0416666666666667
source_cancer_23_Dendritic	0	0.05	0.0341880341880342	0.0612244897959184	0.0297619047619048	0.03125
source_cancer_22_Dendritic	0	0.0194805194805195	0.0229885057471264	0.0140845070422535	0	0.0303030303030303
source_cancer_16_fibroblast	0	0.0197368421052632	0.0116279069767442	0.0294117647058824	0	0
source_cancer_17_fibroblast	0	0.025	0.0105263157894737	0.025974025974026	0	0
source_cancer_18_fibroblast	0	0.0172413793103448	0.00925925925925926	0.010989010989011	0	0
source_cancer_23_fibroblast	0	0.0111731843575419	0.00892857142857143	0.0105263157894737	0	0
source_cancer_3_fibroblast	0	0.0246913580246914	0.0103092783505155	0.0253164556962025	0	0
source_cancer_4_fibroblast	0	0.0246913580246914	0.0103092783505155	0.0253164556962025	0	0
source_cancer_5_fibroblast	0	0.0355029585798817	0.019047619047619	0.0465116279069767	0.0127388535031847	0.0196078431372549
source_cancer_14_fibroblast	0	0.0114285714285714	0.00925925925925926	0.010989010989011	0	0
source_cancer_15_fibroblast	0	0.0182926829268293	0.0102040816326531	0.0123456790123457	0	0
source_cancer_2_fibroblast	0	0.0239520958083832	0.00980392156862745	0.0238095238095238	0	0
source_cancer_6_fibroblast	0	0.0245398773006135	0.0206185567010309	0.0379746835443038	0.0134228187919463	0.0232558139534884
source_cancer_9_fibroblast	0	0.0242424242424242	0.0202020202020202	0.037037037037037	0.00657894736842105	0
source_cancer_22_fibroblast	0	0.00649350649350649	0.0116279069767442	0.0144927536231884	0	0
source_cancer_0_fibroblast	0	0.0114285714285714	0.00925925925925926	0.0222222222222222	0	0
source_cancer_1_fibroblast	0	0.0201342281879195	0.0120481927710843	0.0634920634920635	0.0149253731343284	0.0357142857142857
source_cancer_10_fibroblast	0	0.0402298850574713	0.0272727272727273	0.0666666666666667	0.0185185185185185	0.0175438596491228
source_cancer_11_fibroblast	0	0.0409356725146199	0.0280373831775701	0.0689655172413793	0.0188679245283019	0.0185185185185185
source_cancer_12_fibroblast	0	0.0120481927710843	0.0101010101010101	0.0121951219512195	0	0
source_cancer_13_fibroblast	0	0.0186335403726708	0.0105263157894737	0.025974025974026	0.00680272108843537	0
source_cancer_20_fibroblast	0	0.0116279069767442	0.00952380952380952	0.0113636363636364	0	0
source_cancer_21_fibroblast	0	0.0134228187919463	0.0121951219512195	0.03125	0	0
source_cancer_7_fibroblast	0	0.01875	0.0106382978723404	0.0263157894736842	0.0208333333333333	0.0256410256410256
source_cancer_8_fibroblast	0	0.0133333333333333	0.0120481927710843	0.0151515151515152	0	0
source_cancer_19_fibroblast	0	0.00684931506849315	0	0.0163934426229508	0	0
source_cancer_16_MF-Monocytes	0	0.0566037735849057	0.0309278350515464	0.0779220779220779	0.027027027027027	0.0465116279069767
source_cancer_17_MF-Monocytes	0	0.0559006211180124	0.0303030303030303	0.0625	0.0266666666666667	0.0444444444444444
source_cancer_18_MF-Monocytes	0	0.0177514792899408	0.00970873786407767	0.0116279069767442	0.00645161290322581	0
source_cancer_23_MF-Monocytes	0	0.05	0.0254237288135593	0.0612244897959184	0.0297619047619048	0.03125
source_cancer_3_MF-Monocytes	0	0.05625	0.0306122448979592	0.0769230769230769	0.0268456375838926	0.0454545454545455
source_cancer_4_MF-Monocytes	0	0.0559006211180124	0.0303030303030303	0.0759493670886076	0.0266666666666667	0.0444444444444444
source_cancer_5_MF-Monocytes	0	0.0514285714285714	0.0265486725663717	0.0645161290322581	0.024390243902439	0.0338983050847458
source_cancer_14_MF-Monocytes	0	0.04	0.0178571428571429	0.0319148936170213	0.0246913580246914	0.0350877192982456
source_cancer_15_MF-Monocytes	0	0.0532544378698225	0.0280373831775701	0.0689655172413793	0.0318471337579618	0.0377358490566038
source_cancer_2_MF-Monocytes	0	0.0414201183431953	0.0188679245283019	0.0459770114942529	0.0191082802547771	0.0392156862745098
source_cancer_6_MF-Monocytes	0	0.0479041916167665	0.0288461538461538	0.0588235294117647	0.0324675324675325	0.04
source_cancer_9_MF-Monocytes	0	0.0414201183431953	0.0285714285714286	0.0705882352941176	0.0256410256410256	0.0392156862745098
source_cancer_0_MF-Monocytes	0	0.0473372781065089	0.0283018867924528	0.0574712643678161	0.0254777070063694	0.0384615384615385
source_cancer_1_MF-Monocytes	0	0.0457516339869281	0.0337078651685393	0.0869565217391304	0.0285714285714286	0.0571428571428571
source_cancer_10_MF-Monocytes	0	0.0520231213872832	0.027027027027027	0.0659340659340659	0.031055900621118	0.0350877192982456
source_cancer_11_MF-Monocytes	0	0.0523255813953488	0.0272727272727273	0.0666666666666667	0.0248447204968944	0.0357142857142857
source_cancer_12_MF-Monocytes	0	0.0520231213872832	0.027027027027027	0.0659340659340659	0.0246913580246914	0.0350877192982456
source_cancer_13_MF-Monocytes	0	0.0424242424242424	0.0196078431372549	0.0481927710843374	0.033112582781457	0.0425531914893617
source_cancer_20_MF-Monocytes	0	0.0454545454545455	0.0265486725663717	0.0645161290322581	0.0306748466257669	0.0338983050847458
source_cancer_21_MF-Monocytes	0	0.0451612903225806	0.032967032967033	0.0694444444444444	0.028169014084507	0.0540540540540541
source_cancer_7_MF-Monocytes	0	0.05625	0.0306122448979592	0.0632911392405063	0.0268456375838926	0.0454545454545455
source_cancer_8_MF-Monocytes	0	0.05	0.0309278350515464	0.0779220779220779	0.0201342281879195	0.0465116279069767
source_cancer_19_MF-Monocytes	0	0.020979020979021	0	0.0166666666666667	0.00775193798449612	0.0454545454545455
source_cancer_22_MF-Monocytes	0	0.012987012987013	0.0114942528735632	0.0142857142857143	0	0.03125
source_cancer_16_pDCs	0	0.0573248407643312	0.0315789473684211	0.08	0.0273972602739726	0.0487804878048781
source_cancer_17_pDCs	0	0.0559006211180124	0.0303030303030303	0.0625	0.0266666666666667	0.0444444444444444
source_cancer_18_pDCs	0	0.0185185185185185	0.0104166666666667	0.0126582278481013	0	0
source_cancer_3_pDCs	0	0.0559006211180124	0.0303030303030303	0.0759493670886076	0.0266666666666667	0.0444444444444444
source_cancer_4_pDCs	0	0.0555555555555556	0.03	0.075	0.0264900662251656	0.0434782608695652
source_cancer_5_pDCs	0	0.0548780487804878	0.0294117647058824	0.0731707317073171	0.0261437908496732	0.0416666666666667
source_cancer_14_pDCs	0	0.0470588235294118	0.0280373831775701	0.0449438202247191	0.0253164556962025	0.0377358490566038
source_cancer_15_pDCs	0	0.0576923076923077	0.0319148936170213	0.0810810810810811	0.0275862068965517	0.05
source_cancer_2_pDCs	0	0.0426829268292683	0.0198019801980198	0.0487804878048781	0.0130718954248366	0.0434782608695652
source_cancer_6_pDCs	0	0.0506329113924051	0.0208333333333333	0.0657894736842105	0.0273972602739726	0.0487804878048781
source_cancer_9_pDCs	0	0.0434782608695652	0.0309278350515464	0.0779220779220779	0.0201342281879195	0.0465116279069767
source_cancer_0_pDCs	0	0.0529411764705882	0.0277777777777778	0.0681818181818182	0.0251572327044025	0.037037037037037
source_cancer_1_pDCs	0	0.0463576158940397	0.0227272727272727	0.0895522388059701	0.0289855072463768	0.0606060606060606
source_cancer_10_pDCs	0	0.0545454545454545	0.029126213592233	0.072289156626506	0.025974025974026	0.0408163265306122
source_cancer_11_pDCs	0	0.0552147239263804	0.0196078431372549	0.0740740740740741	0.0263157894736842	0.0425531914893617
source_cancer_12_pDCs	0	0.0535714285714286	0.0186915887850467	0.0697674418604651	0.0254777070063694	0.0384615384615385
source_cancer_13_pDCs	0	0.0445859872611465	0.0212765957446809	0.0533333333333333	0.0277777777777778	0.0512820512820513
source_cancer_20_pDCs	0	0.0496894409937888	0.0306122448979592	0.0769230769230769	0.0268456375838926	0.0454545454545455
source_cancer_21_pDCs	0	0.0466666666666667	0.0348837209302326	0.0746268656716418	0.0291970802919708	0.0625
source_cancer_22_pDCs	0	0.00662251655629139	0	0	0	0.0357142857142857
source_cancer_7_pDCs	0	0.0584415584415584	0.021505376344086	0.0684931506849315	0.027972027972028	0.0526315789473684
source_cancer_8_pDCs	0	0.0463576158940397	0.0227272727272727	0.0735294117647059	0.0215827338129496	0.0606060606060606
source_cancer_19_pDCs	0	0.0211267605633803	0	0.0169491525423729	0.0078125	0.0476190476190476
source_cancer_23_pDCs	0	0.0523255813953488	0.0272727272727273	0.0666666666666667	0.0248447204968944	0.0357142857142857
source_cancer_0_club cell	0	0.0220994475138122	0.0173913043478261	0.0101010101010101	0	0
source_cancer_10_club cell	0	0.0223463687150838	0.0176991150442478	0.0103092783505155	0	0
source_cancer_11_club cell	0	0.0233918128654971	0.00943396226415094	0.0112359550561798	0	0
source_cancer_12_club cell	0	0.0224719101123595	0.0178571428571429	0.0104166666666667	0	0
source_cancer_14_club cell	0	0.0216216216216216	0.0168067226890756	0.00970873786407767	0	0
source_cancer_16_club cell	0	0.025	0.0212765957446809	0.0128205128205128	0	0
source_cancer_18_club cell	0	0.0212765957446809	0.0163934426229508	0.00943396226415094	0	0
source_cancer_23_club cell	0	0.0211640211640212	0.016260162601626	0.00934579439252336	0	0
source_cancer_5_club cell	0	0.0222222222222222	0.0175438596491228	0.0102040816326531	0	0
source_cancer_9_club cell	0	0.0174418604651163	0.019047619047619	0.0112359550561798	0	0
source_cancer_2_club cell	0	0.0235294117647059	0.0192307692307692	0.0113636363636364	0	0
source_cancer_20_club cell	0	0.0164835164835165	0.0173913043478261	0.0101010101010101	0	0
source_cancer_6_club cell	0	0.0175438596491228	0.0192307692307692	0.0113636363636364	0	0
source_cancer_19_club cell	0	0.0129032258064516	0.0113636363636364	0.0140845070422535	0	0
source_cancer_17_club cell	0	0.0239520958083832	0.0198019801980198	0.0117647058823529	0	0
source_cancer_22_club cell	0	0.0123456790123457	0.0212765957446809	0.0128205128205128	0	0
source_cancer_3_club cell	0	0.0238095238095238	0.0196078431372549	0.0116279069767442	0	0
source_cancer_4_club cell	0	0.0239520958083832	0.0198019801980198	0.0117647058823529	0	0
source_cancer_1_club cell	0	0.0134228187919463	0.0121951219512195	0.0153846153846154	0	0
source_cancer_13_club cell	0	0.0178571428571429	0.0198019801980198	0.0117647058823529	0.00649350649350649	0
source_cancer_21_club cell	0	0.0130718954248366	0.0235294117647059	0.0144927536231884	0	0
source_cancer_7_club cell	0	0.0248447204968944	0.0210526315789474	0.0126582278481013	0.00675675675675676	0
source_cancer_8_club cell	0	0.025974025974026	0.0227272727272727	0.0138888888888889	0	0
source_cancer_15_club cell	0	0.0242424242424242	0.0202020202020202	0.0120481927710843	0	0
source_cancer_0_alveolar_type_1	0	0.0239520958083832	0.0198019801980198	0.0117647058823529	0	0
source_cancer_1_alveolar_type_1	0	0.0138888888888889	0.012987012987013	0.0166666666666667	0	0
source_cancer_10_alveolar_type_1	0	0.0239520958083832	0.0198019801980198	0.0117647058823529	0	0
source_cancer_11_alveolar_type_1	0	0.024390243902439	0.0101010101010101	0.0121951219512195	0	0
source_cancer_12_alveolar_type_1	0	0.0242424242424242	0.0202020202020202	0.0120481927710843	0	0
source_cancer_13_alveolar_type_1	0	0.01875	0.021505376344086	0.012987012987013	0.00684931506849315	0
source_cancer_14_alveolar_type_1	0	0.0233918128654971	0.019047619047619	0.0112359550561798	0	0
source_cancer_16_alveolar_type_1	0	0.0266666666666667	0.0238095238095238	0.0147058823529412	0	0
source_cancer_17_alveolar_type_1	0	0.0254777070063694	0.021978021978022	0.0133333333333333	0	0
source_cancer_18_alveolar_type_1	0	0.0232558139534884	0.0188679245283019	0.0111111111111111	0	0
source_cancer_2_alveolar_type_1	0	0.0248447204968944	0.0210526315789474	0.0126582278481013	0	0
source_cancer_20_alveolar_type_1	0	0.0173410404624277	0.0188679245283019	0.0111111111111111	0	0
source_cancer_21_alveolar_type_1	0	0.0136054421768707	0.0253164556962025	0.0158730158730159	0	0
source_cancer_22_alveolar_type_1	0	0.0129032258064516	0.0229885057471264	0.0140845070422535	0	0
source_cancer_3_alveolar_type_1	0	0.0256410256410256	0.0222222222222222	0.0135135135135135	0	0
source_cancer_4_alveolar_type_1	0	0.0253164556962025	0.0217391304347826	0.0131578947368421	0	0
source_cancer_5_alveolar_type_1	0	0.0239520958083832	0.0198019801980198	0.0117647058823529	0	0
source_cancer_6_alveolar_type_1	0	0.0181818181818182	0.0204081632653061	0.0121951219512195	0	0
source_cancer_7_alveolar_type_1	0	0.0254777070063694	0.021978021978022	0.0133333333333333	0.00694444444444444	0
source_cancer_8_alveolar_type_1	0	0.0266666666666667	0.0238095238095238	0.0147058823529412	0	0
source_cancer_9_alveolar_type_1	0	0.0182926829268293	0.0206185567010309	0.0123456790123457	0	0
source_cancer_23_alveolar_type_1	0	0.0232558139534884	0.0188679245283019	0.0111111111111111	0	0
source_cancer_15_alveolar_type_1	0	0.025	0.0212765957446809	0.0128205128205128	0	0
source_cancer_19_alveolar_type_1	0	0.0136054421768707	0.0125	0.0158730158730159	0	0
source_cancer_0_alveolar_type_2	0	0.0222222222222222	0.0175438596491228	0.0102040816326531	0	0
source_cancer_1_alveolar_type_2	0	0.0137931034482759	0.0128205128205128	0.0163934426229508	0	0
source_cancer_10_alveolar_type_2	0	0.0229885057471264	0.0185185185185185	0.0108695652173913	0	0
source_cancer_11_alveolar_type_2	0	0.024390243902439	0.0101010101010101	0.0121951219512195	0	0
source_cancer_12_alveolar_type_2	0	0.023121387283237	0.0186915887850467	0.010989010989011	0	0
source_cancer_13_alveolar_type_2	0	0.0181818181818182	0.0204081632653061	0.0121951219512195	0.00662251655629139	0
source_cancer_14_alveolar_type_2	0	0.0217391304347826	0.0169491525423729	0.00980392156862745	0	0
source_cancer_16_alveolar_type_2	0	0.0258064516129032	0.0224719101123595	0.0136986301369863	0	0
source_cancer_17_alveolar_type_2	0	0.0246913580246914	0.0208333333333333	0.0125	0	0
source_cancer_18_alveolar_type_2	0	0.0223463687150838	0.0176991150442478	0.0103092783505155	0	0
source_cancer_2_alveolar_type_2	0	0.0239520958083832	0.0198019801980198	0.0117647058823529	0	0
source_cancer_20_alveolar_type_2	0	0.0171428571428571	0.0185185185185185	0.0108695652173913	0	0
source_cancer_21_alveolar_type_2	0	0.0133333333333333	0.024390243902439	0.0151515151515152	0	0
source_cancer_3_alveolar_type_2	0	0.0246913580246914	0.0208333333333333	0.0125	0	0
source_cancer_4_alveolar_type_2	0	0.024390243902439	0.0204081632653061	0.0121951219512195	0	0
source_cancer_5_alveolar_type_2	0	0.0228571428571429	0.018348623853211	0.010752688172043	0	0
source_cancer_6_alveolar_type_2	0	0.0181818181818182	0.0204081632653061	0.0121951219512195	0	0
source_cancer_7_alveolar_type_2	0	0.0251572327044025	0.021505376344086	0.012987012987013	0.00684931506849315	0
source_cancer_8_alveolar_type_2	0	0.0268456375838926	0.0119047619047619	0.0149253731343284	0	0
source_cancer_9_alveolar_type_2	0	0.0178571428571429	0.0198019801980198	0.0117647058823529	0	0
source_cancer_23_alveolar_type_2	0	0.0216216216216216	0.0168067226890756	0.00970873786407767	0	0
source_cancer_22_alveolar_type_2	0	0.012987012987013	0.0232558139534884	0.0142857142857143	0	0
source_cancer_15_alveolar_type_2	0	0.0242424242424242	0.0202020202020202	0.0120481927710843	0	0
source_cancer_19_alveolar_type_2	0	0.0134228187919463	0.0121951219512195	0.0153846153846154	0	0
source_cancer_0_B-cells-M	0	0.0133333333333333	0	0.0151515151515152	0	0
source_cancer_1_B-cells-M	0	0.00704225352112676	0	0.0175438596491228	0	0
source_cancer_10_B-cells-M	0	0.0204081632653061	0	0.015625	0	0
source_cancer_11_B-cells-M	0	0.0202702702702703	0	0.0153846153846154	0	0
source_cancer_12_B-cells-M	0	0.0132450331125828	0	0.0149253731343284	0	0
source_cancer_13_B-cells-M	0	0.0138888888888889	0	0.0166666666666667	0	0
source_cancer_14_B-cells-M	0	0.0132450331125828	0	0.0149253731343284	0	0
source_cancer_16_B-cells-M	0	0.0142857142857143	0	0.0178571428571429	0	0
source_cancer_18_B-cells-M	0	0.0204081632653061	0	0.015625	0	0
source_cancer_2_B-cells-M	0	0.0201342281879195	0	0.0151515151515152	0	0
source_cancer_20_B-cells-M	0	0.0136054421768707	0	0.0158730158730159	0	0
source_cancer_21_B-cells-M	0	0.00704225352112676	0	0.0175438596491228	0	0
source_cancer_3_B-cells-M	0	0.0205479452054795	0	0.0158730158730159	0	0
source_cancer_4_B-cells-M	0	0.0205479452054795	0	0.0158730158730159	0	0
source_cancer_5_B-cells-M	0	0.0201342281879195	0	0.0151515151515152	0	0
source_cancer_6_B-cells-M	0	0.0135135135135135	0	0.015625	0	0
source_cancer_7_B-cells-M	0	0.0136986301369863	0	0.0161290322580645	0	0
source_cancer_8_B-cells-M	0	0.013986013986014	0	0	0	0
source_cancer_9_B-cells-M	0	0.0135135135135135	0	0.015625	0	0
source_cancer_17_B-cells-M	0	0.0212765957446809	0	0.0172413793103448	0	0
source_cancer_22_B-cells-M	0	0	0	0	0	0
source_cancer_15_B-cells-M	0	0.0205479452054795	0	0.0158730158730159	0	0
source_cancer_23_B-cells-M	0	0.0131578947368421	0	0.0147058823529412	0	0
source_cancer_19_B-cells-M	0	0.0072463768115942	0	0.0188679245283019	0	0
source_cancer_0_endothelial	0	0.0171428571428571	0.00917431192660551	0.0108695652173913	0	0
source_cancer_1_endothelial	0	0.00675675675675676	0.0125	0.0158730158730159	0	0
source_cancer_10_endothelial	0	0.0175438596491228	0.00952380952380952	0.0113636363636364	0	0
source_cancer_11_endothelial	0	0.0182926829268293	0.0102040816326531	0.0123456790123457	0	0
source_cancer_12_endothelial	0	0.0171428571428571	0.00917431192660551	0.0108695652173913	0	0
source_cancer_13_endothelial	0	0.0121951219512195	0.0103092783505155	0.0125	0.00671140939597315	0
source_cancer_14_endothelial	0	0.0167597765363128	0.00884955752212389	0.0104166666666667	0	0
source_cancer_16_endothelial	0	0.0189873417721519	0.0108695652173913	0.0133333333333333	0	0
source_cancer_17_endothelial	0	0.0179640718562874	0.0099009900990099	0.0119047619047619	0	0
source_cancer_18_endothelial	0	0.0170454545454545	0.00909090909090909	0.010752688172043	0	0
source_cancer_2_endothelial	0	0.0178571428571429	0.00980392156862745	0.0117647058823529	0	0
source_cancer_20_endothelial	0	0.0114285714285714	0.00925925925925926	0.010989010989011	0	0
source_cancer_21_endothelial	0	0.00649350649350649	0.0116279069767442	0.0144927536231884	0	0
source_cancer_22_endothelial	0	0.00628930817610063	0.010989010989011	0.0135135135135135	0	0
source_cancer_3_endothelial	0	0.0180722891566265	0.01	0.0120481927710843	0	0
source_cancer_4_endothelial	0	0.0178571428571429	0.00980392156862745	0.0117647058823529	0	0
source_cancer_5_endothelial	0	0.0176470588235294	0.00961538461538462	0.0114942528735632	0	0
source_cancer_6_endothelial	0	0.0123456790123457	0.0105263157894737	0.0128205128205128	0	0
source_cancer_7_endothelial	0	0.0188679245283019	0.010752688172043	0.0131578947368421	0.00689655172413793	0
source_cancer_8_endothelial	0	0.0198675496688742	0.0117647058823529	0.0147058823529412	0	0
source_cancer_9_endothelial	0	0.0119047619047619	0.0099009900990099	0.0119047619047619	0	0
source_cancer_23_endothelial	0	0.0159574468085106	0.00819672131147541	0.00952380952380952	0	0
source_cancer_15_endothelial	0	0.0184049079754601	0.0103092783505155	0.0125	0	0
source_cancer_19_endothelial	0	0.00666666666666667	0	0.0153846153846154	0	0
source_cancer_0_T-cells	0	0.0736196319018405	0.0594059405940594	0.0975609756097561	0.0460526315789474	0.0612244897959184
source_cancer_1_T-cells	0	0.0738255033557047	0.0574712643678161	0.119402985074627	0.0510948905109489	0.0882352941176471
source_cancer_10_T-cells	0	0.0880503144654088	0.0606060606060606	0.113924050632911	0.0466666666666667	0.0638297872340425
source_cancer_11_T-cells	0	0.0875	0.06	0.1125	0.0463576158940397	0.0625
source_cancer_12_T-cells	0	0.06875	0.0510204081632653	0.075	0.0402684563758389	0.0666666666666667
source_cancer_13_T-cells	0	0.0714285714285714	0.043010752688172	0.0810810810810811	0.0347222222222222	0.0769230769230769
source_cancer_14_T-cells	0	0.05625	0.0412371134020619	0.05	0.0268456375838926	0.0454545454545455
source_cancer_16_T-cells	0	0.08	0.0561797752808989	0.1	0.0428571428571429	0.0833333333333333
source_cancer_18_T-cells	0	0.0526315789473684	0.0454545454545455	0.0563380281690141	0.0212765957446809	0.0277777777777778
source_cancer_2_T-cells	0	0.0641025641025641	0.0425531914893617	0.0657894736842105	0.0204081632653061	0.0487804878048781
source_cancer_20_T-cells	0	0.0759493670886076	0.0515463917525773	0.0897435897435897	0.0476190476190476	0.0681818181818182
source_cancer_21_T-cells	0	0.0675675675675676	0.0465116279069767	0.0895522388059701	0.0364963503649635	0.09375
source_cancer_3_T-cells	0	0.0886075949367089	0.0612244897959184	0.10126582278481	0.0469798657718121	0.0652173913043478
source_cancer_4_T-cells	0	0.0897435897435897	0.0625	0.103896103896104	0.0476190476190476	0.0681818181818182
source_cancer_5_T-cells	0	0.0807453416149068	0.0495049504950495	0.0987654320987654	0.0394736842105263	0.0625
source_cancer_6_T-cells	0	0.0844155844155844	0.0645161290322581	0.108108108108108	0.0486111111111111	0.0731707317073171
source_cancer_7_T-cells	0	0.0759493670886076	0.0625	0.0897435897435897	0.0476190476190476	0.0681818181818182
source_cancer_8_T-cells	0	0.0608108108108108	0.0470588235294118	0.0588235294117647	0.0217391304347826	0.0625
source_cancer_9_T-cells	0	0.0759493670886076	0.0625	0.103896103896104	0.0405405405405405	0.0681818181818182
source_cancer_17_T-cells	0	0.0774193548387097	0.0531914893617021	0.0789473684210526	0.0413793103448276	0.0476190476190476
source_cancer_22_T-cells	0	0.0408163265306122	0.0493827160493827	0.0461538461538462	0.0223880597014925	0.0714285714285714
source_cancer_23_T-cells	0	0.0595238095238095	0.0476190476190476	0.0568181818181818	0.0318471337579618	0.0377358490566038
source_cancer_15_T-cells	0	0.0817610062893082	0.0612244897959184	0.0875	0.0469798657718121	0.0652173913043478
source_cancer_19_T-cells	0	0.0575539568345324	0.0533333333333333	0.0689655172413793	0.031496062992126	0.0909090909090909
source_cancer_0_ionocyte	0	0.0245398773006135	0.0206185567010309	0.0123456790123457	0	0
source_cancer_14_ionocyte	0	0.0180722891566265	0.0202020202020202	0.0120481927710843	0	0
source_cancer_23_ionocyte	0	0.0178571428571429	0.0198019801980198	0.0117647058823529	0	0
source_cancer_18_ionocyte	0	0.0240963855421687	0.02	0.0119047619047619	0	0
source_cancer_6_ionocyte	0	0.0192307692307692	0.0224719101123595	0.0136986301369863	0	0
source_cancer_11_ionocyte	0	0.0258064516129032	0.0111111111111111	0.0136986301369863	0	0
source_cancer_21_ionocyte	0	0.0137931034482759	0.025974025974026	0.0163934426229508	0	0
source_cancer_22_ionocyte	0	0.0132450331125828	0.0240963855421687	0.0149253731343284	0	0
source_cancer_3_ionocyte	0	0.0263157894736842	0.0232558139534884	0.0142857142857143	0	0
source_cancer_4_ionocyte	0	0.025974025974026	0.0227272727272727	0.0138888888888889	0	0
source_cancer_9_ionocyte	0	0.0188679245283019	0.0217391304347826	0.0131578947368421	0	0
source_cancer_10_ionocyte	0	0.0251572327044025	0.021505376344086	0.012987012987013	0	0
source_cancer_12_ionocyte	0	0.0251572327044025	0.021505376344086	0.012987012987013	0	0
source_cancer_13_ionocyte	0	0.0196078431372549	0.0232558139534884	0.0142857142857143	0	0
source_cancer_15_ionocyte	0	0.0256410256410256	0.0222222222222222	0.0135135135135135	0	0
source_cancer_16_ionocyte	0	0.027027027027027	0.024390243902439	0.0151515151515152	0	0
source_cancer_17_ionocyte	0	0.0264900662251656	0.0235294117647059	0.0144927536231884	0	0
source_cancer_2_ionocyte	0	0.0253164556962025	0.0217391304347826	0.0131578947368421	0	0
source_cancer_20_ionocyte	0	0.0182926829268293	0.0206185567010309	0.0123456790123457	0	0
source_cancer_5_ionocyte	0	0.0248447204968944	0.0210526315789474	0.0126582278481013	0	0
source_cancer_19_ionocyte	0	0.0138888888888889	0.012987012987013	0.0166666666666667	0	0
source_cancer_7_ionocyte	0	0.0198675496688742	0.0238095238095238	0.0147058823529412	0	0
source_cancer_1_ionocyte	0	0.0142857142857143	0.0136986301369863	0.0178571428571429	0	0
source_cancer_8_ionocyte	0	0.0275862068965517	0.0253164556962025	0.0158730158730159	0	0
source_cancer_10_melanocytes	0	0.0258064516129032	0.0224719101123595	0.0136986301369863	0	0
source_cancer_18_melanocytes	0	0.025974025974026	0.0227272727272727	0.0138888888888889	0	0
source_cancer_19_melanocytes	0	0.0136986301369863	0.0126582278481013	0.0161290322580645	0	0
source_cancer_20_melanocytes	0	0.0191082802547771	0.0222222222222222	0.0135135135135135	0	0
source_cancer_5_melanocytes	0	0.0254777070063694	0.021978021978022	0.0133333333333333	0	0
source_cancer_0_melanocytes	0	0.0189873417721519	0.021978021978022	0.0133333333333333	0	0
source_cancer_14_melanocytes	0	0.01875	0.021505376344086	0.012987012987013	0	0
source_cancer_23_melanocytes	0	0.0186335403726708	0.0212765957446809	0.0128205128205128	0	0
source_cancer_17_melanocytes	0	0.0268456375838926	0.0240963855421687	0.0149253731343284	0	0
source_cancer_3_melanocytes	0	0.0266666666666667	0.0238095238095238	0.0147058823529412	0	0
source_cancer_4_melanocytes	0	0.0261437908496732	0.0229885057471264	0.0140845070422535	0	0
source_cancer_11_melanocytes	0	0.0261437908496732	0.0113636363636364	0.0140845070422535	0	0
source_cancer_2_melanocytes	0	0.0261437908496732	0.0229885057471264	0.0140845070422535	0	0
source_cancer_9_melanocytes	0	0.0193548387096774	0.0112359550561798	0.0138888888888889	0	0
source_cancer_15_melanocytes	0	0.025974025974026	0.0227272727272727	0.0138888888888889	0	0
source_cancer_16_melanocytes	0	0.0206896551724138	0.0256410256410256	0.0161290322580645	0	0
source_cancer_13_melanocytes	0	0.0201342281879195	0.024390243902439	0.0151515151515152	0	0
source_cancer_21_melanocytes	0	0.0141843971631206	0.0273972602739726	0.0175438596491228	0	0
source_cancer_1_melanocytes	0	0.0144927536231884	0.0140845070422535	0.0185185185185185	0	0
source_cancer_12_melanocytes	0	0.0194805194805195	0.0113636363636364	0.0140845070422535	0	0
source_cancer_22_melanocytes	0	0.0138888888888889	0.012987012987013	0.0166666666666667	0	0
source_cancer_6_melanocytes	0	0.0197368421052632	0.0116279069767442	0.0144927536231884	0	0
source_cancer_7_melanocytes	0	0.0202702702702703	0.0121951219512195	0.0153846153846154	0	0
source_cancer_8_melanocytes	0	0.0275862068965517	0.0125	0.0158730158730159	0	0
source_cancer_20_basal_cell	0	0.0179640718562874	0.02	0.0119047619047619	0	0
source_cancer_0_basal_cell	0	0.0245398773006135	0.0206185567010309	0.0123456790123457	0	0
source_cancer_12_basal_cell	0	0.0240963855421687	0.02	0.0119047619047619	0	0
source_cancer_14_basal_cell	0	0.0240963855421687	0.02	0.0119047619047619	0	0
source_cancer_15_basal_cell	0	0.0248447204968944	0.0210526315789474	0.0126582278481013	0	0
source_cancer_16_basal_cell	0	0.0266666666666667	0.0238095238095238	0.0147058823529412	0	0
source_cancer_17_basal_cell	0	0.0253164556962025	0.0217391304347826	0.0131578947368421	0	0
source_cancer_18_basal_cell	0	0.0248447204968944	0.0210526315789474	0.0126582278481013	0	0
source_cancer_2_basal_cell	0	0.0248447204968944	0.0210526315789474	0.0126582278481013	0	0
source_cancer_23_basal_cell	0	0.0236686390532544	0.0194174757281553	0.0114942528735632	0	0
source_cancer_3_basal_cell	0	0.025974025974026	0.0227272727272727	0.0138888888888889	0	0
source_cancer_4_basal_cell	0	0.0256410256410256	0.0222222222222222	0.0135135135135135	0	0
source_cancer_10_basal_cell	0	0.0246913580246914	0.0208333333333333	0.0125	0	0
source_cancer_13_basal_cell	0	0.0193548387096774	0.0227272727272727	0.0138888888888889	0.00709219858156028	0
source_cancer_5_basal_cell	0	0.0246913580246914	0.0208333333333333	0.0125	0	0
source_cancer_6_basal_cell	0	0.0194805194805195	0.0229885057471264	0.0140845070422535	0	0
source_cancer_7_basal_cell	0	0.0191082802547771	0.0222222222222222	0.0135135135135135	0.00699300699300699	0
source_cancer_9_basal_cell	0	0.0189873417721519	0.021978021978022	0.0133333333333333	0	0
source_cancer_1_basal_cell	0	0.0142857142857143	0.0136986301369863	0.0178571428571429	0	0
source_cancer_21_basal_cell	0	0.013986013986014	0.0266666666666667	0.0169491525423729	0	0
source_cancer_22_basal_cell	0	0.0132450331125828	0.0240963855421687	0.0149253731343284	0	0
source_cancer_11_basal_cell	0	0.025974025974026	0.0112359550561798	0.0138888888888889	0	0
source_cancer_19_basal_cell	0	0.0144927536231884	0.0140845070422535	0.0185185185185185	0	0
source_cancer_8_basal_cell	0	0.027972027972028	0.0128205128205128	0.0163934426229508	0	0
source_cancer_17_ciliated_cell	0	0.0217391304347826	0.028169014084507	0.0181818181818182	0	0
source_cancer_3_ciliated_cell	0	0.0215827338129496	0.0277777777777778	0.0178571428571429	0	0
source_cancer_4_ciliated_cell	0	0.0217391304347826	0.028169014084507	0.0181818181818182	0	0
source_cancer_5_ciliated_cell	0	0.0206896551724138	0.0256410256410256	0.0161290322580645	0	0
source_cancer_0_ciliated_cell	0	0.0206896551724138	0.0256410256410256	0.0161290322580645	0	0
source_cancer_14_ciliated_cell	0	0.0136986301369863	0.0256410256410256	0.0161290322580645	0	0
source_cancer_23_ciliated_cell	0	0.0134228187919463	0.0246913580246914	0.0153846153846154	0	0
source_cancer_11_ciliated_cell	0	0.0198675496688742	0.0117647058823529	0.0298507462686567	0	0
source_cancer_19_ciliated_cell	0	0.0144927536231884	0.0140845070422535	0.0185185185185185	0	0
source_cancer_13_ciliated_cell	0	0.013986013986014	0.0266666666666667	0.0169491525423729	0.0078125	0
source_cancer_15_ciliated_cell	0	0.0211267605633803	0.0266666666666667	0.0169491525423729	0	0
source_cancer_16_ciliated_cell	0	0.0217391304347826	0.028169014084507	0.0181818181818182	0	0
source_cancer_18_ciliated_cell	0	0.0206896551724138	0.0256410256410256	0.0161290322580645	0	0
source_cancer_2_ciliated_cell	0	0.020979020979021	0.0263157894736842	0.0166666666666667	0	0
source_cancer_20_ciliated_cell	0	0.0137931034482759	0.025974025974026	0.0163934426229508	0	0
source_cancer_21_ciliated_cell	0	0.0145985401459854	0.0289855072463768	0.0188679245283019	0	0
source_cancer_10_ciliated_cell	0	0.0205479452054795	0.0125	0.032258064516129	0	0
source_cancer_12_ciliated_cell	0	0.0208333333333333	0.0128205128205128	0.0163934426229508	0	0
source_cancer_1_ciliated_cell	0	0.0145985401459854	0.0142857142857143	0.0384615384615385	0	0
source_cancer_22_ciliated_cell	0	0.0144927536231884	0.0140845070422535	0.0185185185185185	0	0
source_cancer_6_ciliated_cell	0	0.0211267605633803	0.0131578947368421	0.0169491525423729	0	0
source_cancer_7_ciliated_cell	0	0.013986013986014	0.0131578947368421	0.0169491525423729	0.0078125	0
source_cancer_8_ciliated_cell	0	0.0212765957446809	0.0133333333333333	0.0172413793103448	0	0
source_cancer_9_ciliated_cell	0	0.0211267605633803	0.0131578947368421	0.0169491525423729	0	0
source_cancer_11_hepatocyte	0	0.0268456375838926	0.0119047619047619	0.0149253731343284	0	0
source_cancer_19_hepatocyte	0	0.0144927536231884	0.0140845070422535	0.0185185185185185	0	0
source_cancer_2_hepatocyte	0	0.0266666666666667	0.0238095238095238	0.0147058823529412	0	0
source_cancer_20_hepatocyte	0	0.02	0.0240963855421687	0.0149253731343284	0	0
source_cancer_9_hepatocyte	0	0.02	0.0240963855421687	0.0149253731343284	0	0
source_cancer_12_hepatocyte	0	0.0263157894736842	0.0114942528735632	0.0142857142857143	0	0
source_cancer_0_hepatocyte	0	0.0263157894736842	0.0232558139534884	0.0142857142857143	0	0
source_cancer_10_hepatocyte	0	0.0266666666666667	0.0238095238095238	0.0147058823529412	0	0
source_cancer_14_hepatocyte	0	0.0194805194805195	0.0229885057471264	0.0140845070422535	0	0
source_cancer_5_hepatocyte	0	0.0264900662251656	0.0235294117647059	0.0144927536231884	0	0
source_cancer_22_hepatocyte	0	0.0140845070422535	0.0133333333333333	0.0172413793103448	0	0
source_cancer_15_hepatocyte	0	0.027027027027027	0.024390243902439	0.0151515151515152	0	0
source_cancer_16_hepatocyte	0	0.027972027972028	0.025974025974026	0.0163934426229508	0	0
source_cancer_17_hepatocyte	0	0.0283687943262411	0.0266666666666667	0.0169491525423729	0	0
source_cancer_3_hepatocyte	0	0.0277777777777778	0.0256410256410256	0.0161290322580645	0	0
source_cancer_4_hepatocyte	0	0.0275862068965517	0.0253164556962025	0.0158730158730159	0	0
source_cancer_23_hepatocyte	0	0.0201342281879195	0.024390243902439	0.0151515151515152	0	0
source_cancer_13_hepatocyte	0	0.0205479452054795	0.0253164556962025	0.0158730158730159	0	0
source_cancer_18_hepatocyte	0	0.027027027027027	0.024390243902439	0.0151515151515152	0	0
source_cancer_21_hepatocyte	0	0.0142857142857143	0.0277777777777778	0.0178571428571429	0	0
source_cancer_1_hepatocyte	0	0.0142857142857143	0.0136986301369863	0.0178571428571429	0	0
source_cancer_6_hepatocyte	0	0.0206896551724138	0.0126582278481013	0.0161290322580645	0	0
source_cancer_7_hepatocyte	0	0.0208333333333333	0.0128205128205128	0.0163934426229508	0	0
source_cancer_8_hepatocyte	0	0.027972027972028	0.0128205128205128	0.0163934426229508	0	0
source_cancer_11_neuro_e_cell	0	0.0142857142857143	0.0136986301369863	0.0178571428571429	0	0
source_cancer_19_neuro_e_cell	0	0.0142857142857143	0.0136986301369863	0.0178571428571429	0	0
source_cancer_0_neuro_e_cell	0	0.0142857142857143	0.0277777777777778	0.0178571428571429	0	0
source_cancer_10_neuro_e_cell	0	0.0144927536231884	0.0285714285714286	0.0185185185185185	0	0
source_cancer_12_neuro_e_cell	0	0.0143884892086331	0.028169014084507	0.0181818181818182	0	0
source_cancer_13_neuro_e_cell	0	0.0144927536231884	0.0285714285714286	0.0185185185185185	0	0
source_cancer_14_neuro_e_cell	0	0.0142857142857143	0.0277777777777778	0.0178571428571429	0	0
source_cancer_15_neuro_e_cell	0	0.0145985401459854	0.0289855072463768	0.0188679245283019	0	0
source_cancer_16_neuro_e_cell	0	0.0144927536231884	0.0285714285714286	0.0185185185185185	0	0
source_cancer_17_neuro_e_cell	0	0.0215827338129496	0.0277777777777778	0.0178571428571429	0	0
source_cancer_18_neuro_e_cell	0	0.0142857142857143	0.0277777777777778	0.0178571428571429	0	0
source_cancer_2_neuro_e_cell	0	0.0215827338129496	0.0277777777777778	0.0178571428571429	0	0
source_cancer_20_neuro_e_cell	0	0.0143884892086331	0.028169014084507	0.0181818181818182	0	0
source_cancer_21_neuro_e_cell	0	0.00740740740740741	0.0303030303030303	0	0	0
source_cancer_22_neuro_e_cell	0	0.0072992700729927	0.0294117647058824	0	0	0
source_cancer_23_neuro_e_cell	0	0.0142857142857143	0.0277777777777778	0.0178571428571429	0	0
source_cancer_3_neuro_e_cell	0	0.0144927536231884	0.0285714285714286	0.0185185185185185	0	0
source_cancer_4_neuro_e_cell	0	0.0218978102189781	0.0285714285714286	0.0185185185185185	0	0
source_cancer_5_neuro_e_cell	0	0.0217391304347826	0.028169014084507	0.0181818181818182	0	0
source_cancer_6_neuro_e_cell	0	0.0143884892086331	0.028169014084507	0.0181818181818182	0	0
source_cancer_7_neuro_e_cell	0	0.0145985401459854	0.0289855072463768	0.0188679245283019	0	0
source_cancer_9_neuro_e_cell	0	0.0142857142857143	0.0277777777777778	0.0178571428571429	0	0
source_cancer_1_neuro_e_cell	0	0.00740740740740741	0.0149253731343284	0	0	0
source_cancer_8_neuro_e_cell	0	0.0072992700729927	0.0144927536231884	0	0	0
source_cancer_11_Neutrophils	0	0.00680272108843537	0	0	0	0
source_cancer_19_Neutrophils	0	0	0	0	0	0
source_cancer_10_Neutrophils	0	0.00675675675675676	0	0	0	0
source_cancer_12_Neutrophils	0	0.00645161290322581	0	0	0	0
source_cancer_14_Neutrophils	0	0.00636942675159236	0	0	0	0
source_cancer_15_Neutrophils	0	0.00671140939597315	0	0	0	0
source_cancer_16_Neutrophils	0	0.00699300699300699	0	0	0	0
source_cancer_17_Neutrophils	0	0.00684931506849315	0	0	0	0
source_cancer_2_Neutrophils	0	0.0065359477124183	0	0	0	0
source_cancer_20_Neutrophils	0	0.00675675675675676	0	0	0	0
source_cancer_21_Neutrophils	0	0	0	0	0	0
source_cancer_22_Neutrophils	0	0	0	0	0	0
source_cancer_3_Neutrophils	0	0.00684931506849315	0	0	0	0
source_cancer_4_Neutrophils	0	0.00680272108843537	0	0	0	0
source_cancer_5_Neutrophils	0	0.00662251655629139	0	0	0	0
source_cancer_7_Neutrophils	0	0.00680272108843537	0	0	0	0
source_cancer_9_Neutrophils	0	0	0	0	0	0
source_cancer_0_Neutrophils	0	0.0065359477124183	0	0	0	0
source_cancer_13_Neutrophils	0	0.00680272108843537	0	0	0	0
source_cancer_18_Neutrophils	0	0.00699300699300699	0	0	0	0
source_cancer_23_Neutrophils	0	0.0065359477124183	0	0	0	0
source_cancer_6_Neutrophils	0	0	0	0	0	0
source_cancer_8_Neutrophils	0	0.00704225352112676	0	0	0	0
source_cancer_1_Neutrophils	0	0	0	0	0	0
source_cancer_2_B-cells-PB	0	0.033112582781457	0.0232558139534884	0.0142857142857143	0	0.03125
source_cancer_20_B-cells-PB	0	0.0318471337579618	0.0217391304347826	0.0131578947368421	0.00689655172413793	0.0263157894736842
source_cancer_9_B-cells-PB	0	0.0266666666666667	0.0238095238095238	0.0147058823529412	0	0.0333333333333333
source_cancer_22_B-cells-PB	0	0.0208333333333333	0.025974025974026	0.0163934426229508	0	0.0434782608695652
source_cancer_0_B-cells-PB	0	0.0394736842105263	0.0227272727272727	0.0138888888888889	0.00709219858156028	0.0294117647058824
source_cancer_10_B-cells-PB	0	0.0394736842105263	0.0227272727272727	0.0138888888888889	0.00709219858156028	0.0294117647058824
source_cancer_14_B-cells-PB	0	0.0382165605095541	0.021505376344086	0.012987012987013	0.00684931506849315	0.0256410256410256
source_cancer_5_B-cells-PB	0	0.0392156862745098	0.0224719101123595	0.0136986301369863	0.00704225352112676	0.0285714285714286
source_cancer_1_B-cells-PB	0	0.0287769784172662	0.0135135135135135	0.0175438596491228	0.00793650793650794	0.0526315789473684
source_cancer_11_B-cells-PB	0	0.0402684563758389	0.0116279069767442	0.0144927536231884	0.0072463768115942	0.032258064516129
source_cancer_12_B-cells-PB	0	0.0392156862745098	0.0224719101123595	0.0136986301369863	0.00704225352112676	0.0285714285714286
source_cancer_15_B-cells-PB	0	0.0394736842105263	0.0227272727272727	0.0138888888888889	0.00709219858156028	0.0294117647058824
source_cancer_18_B-cells-PB	0	0.0263157894736842	0.0232558139534884	0.0142857142857143	0	0
source_cancer_23_B-cells-PB	0	0.0379746835443038	0.0212765957446809	0.0128205128205128	0.00680272108843537	0.025
source_cancer_6_B-cells-PB	0	0.0335570469798658	0.0238095238095238	0.0147058823529412	0.0072992700729927	0.0333333333333333
source_cancer_7_B-cells-PB	0	0.0408163265306122	0.0240963855421687	0.0149253731343284	0.00735294117647059	0.0344827586206897
source_cancer_3_B-cells-PB	0	0.0416666666666667	0.025	0.015625	0.0075187969924812	0.0384615384615385
source_cancer_4_B-cells-PB	0	0.0413793103448276	0.0246913580246914	0.0153846153846154	0.00746268656716418	0.037037037037037
source_cancer_16_B-cells-PB	0	0.0422535211267606	0.0256410256410256	0.0161290322580645	0.00763358778625954	0.0416666666666667
source_cancer_17_B-cells-PB	0	0.0410958904109589	0.024390243902439	0.0151515151515152	0.00740740740740741	0.0357142857142857
source_cancer_13_B-cells-PB	0	0.0340136054421769	0.024390243902439	0.0151515151515152	0.00740740740740741	0.0357142857142857
source_cancer_21_B-cells-PB	0	0.0283687943262411	0.0266666666666667	0.0169491525423729	0.0078125	0.0476190476190476
source_cancer_8_B-cells-PB	0	0.034965034965035	0.0256410256410256	0.0161290322580645	0	0.0416666666666667
source_cancer_19_B-cells-PB	0	0.0287769784172662	0.0135135135135135	0.0175438596491228	0.00793650793650794	0.0526315789473684
source_cancer_2_Mast-cells	0	0.0268456375838926	0.0119047619047619	0.0149253731343284	0	0
source_cancer_20_Mast-cells	0	0.0204081632653061	0.0123456790123457	0.015625	0	0
source_cancer_9_Mast-cells	0	0.0133333333333333	0.0120481927710843	0.0151515151515152	0	0
source_cancer_0_Mast-cells	0	0.0198675496688742	0.0117647058823529	0.0147058823529412	0	0
source_cancer_10_Mast-cells	0	0.0206896551724138	0.0126582278481013	0.0161290322580645	0	0
source_cancer_14_Mast-cells	0	0.0194805194805195	0.0113636363636364	0.0140845070422535	0	0
source_cancer_5_Mast-cells	0	0.0264900662251656	0.0116279069767442	0.0144927536231884	0	0
source_cancer_11_Mast-cells	0	0.0202702702702703	0.0121951219512195	0.0153846153846154	0	0
source_cancer_22_Mast-cells	0	0.00689655172413793	0.012987012987013	0	0	0
source_cancer_18_Mast-cells	0	0.0204081632653061	0.0123456790123457	0.015625	0	0
source_cancer_15_Mast-cells	0	0.0205479452054795	0.0125	0.0158730158730159	0	0
source_cancer_16_Mast-cells	0	0.0211267605633803	0.0131578947368421	0.0169491525423729	0	0
source_cancer_17_Mast-cells	0	0.028169014084507	0.012987012987013	0.0166666666666667	0	0
source_cancer_23_Mast-cells	0	0.0196078431372549	0.0114942528735632	0.0142857142857143	0	0
source_cancer_3_Mast-cells	0	0.0277777777777778	0.0126582278481013	0.0161290322580645	0	0
source_cancer_4_Mast-cells	0	0.0273972602739726	0.0123456790123457	0.015625	0	0
source_cancer_7_Mast-cells	0	0.0205479452054795	0.0125	0.0158730158730159	0	0
source_cancer_1_Mast-cells	0	0.0143884892086331	0.0138888888888889	0.0181818181818182	0	0
source_cancer_12_Mast-cells	0	0.02	0.0119047619047619	0.0149253731343284	0	0
source_cancer_13_Mast-cells	0	0.0204081632653061	0.0123456790123457	0.015625	0	0
source_cancer_19_Mast-cells	0	0.0144927536231884	0.0140845070422535	0.0185185185185185	0	0
source_cancer_21_Mast-cells	0	0.0141843971631206	0.0135135135135135	0.0175438596491228	0	0
source_cancer_6_Mast-cells	0	0.0136054421768707	0.0125	0.0158730158730159	0	0
source_cancer_8_Mast-cells	0	0.013986013986014	0.0131578947368421	0	0	0
source_cancer_0_stroma	0	0.0266666666666667	0.0117647058823529	0.0147058823529412	0	0
source_cancer_10_stroma	0	0.0273972602739726	0.0123456790123457	0.015625	0	0
source_cancer_14_stroma	0	0.0264900662251656	0.0116279069767442	0.0144927536231884	0	0
source_cancer_20_stroma	0	0.02	0.0119047619047619	0.0149253731343284	0	0
source_cancer_5_stroma	0	0.0268456375838926	0.0119047619047619	0.0149253731343284	0	0
source_cancer_11_stroma	0	0.0273972602739726	0.0123456790123457	0.015625	0	0
source_cancer_22_stroma	0	0.0140845070422535	0.0133333333333333	0.0172413793103448	0	0
source_cancer_15_stroma	0	0.027027027027027	0.0120481927710843	0.0151515151515152	0	0
source_cancer_16_stroma	0	0.0277777777777778	0.0126582278481013	0.0161290322580645	0	0
source_cancer_17_stroma	0	0.0273972602739726	0.0123456790123457	0.015625	0	0
source_cancer_23_stroma	0	0.025974025974026	0.0112359550561798	0.0138888888888889	0	0
source_cancer_3_stroma	0	0.0277777777777778	0.0126582278481013	0.0161290322580645	0	0
source_cancer_4_stroma	0	0.0277777777777778	0.0126582278481013	0.0161290322580645	0	0
source_cancer_12_stroma	0	0.0268456375838926	0.0119047619047619	0.0149253731343284	0	0
source_cancer_13_stroma	0	0.0204081632653061	0.0123456790123457	0.015625	0	0
source_cancer_18_stroma	0	0.027027027027027	0.0120481927710843	0.0151515151515152	0	0
source_cancer_1_stroma	0	0.0143884892086331	0.0138888888888889	0.0181818181818182	0	0
source_cancer_19_stroma	0	0.0145985401459854	0.0142857142857143	0.0188679245283019	0	0
source_cancer_2_stroma	0	0.027027027027027	0.0120481927710843	0.0151515151515152	0	0
source_cancer_21_stroma	0	0.0144927536231884	0.0140845070422535	0.0185185185185185	0	0
source_cancer_6_stroma	0	0.0206896551724138	0.0126582278481013	0.0161290322580645	0	0
source_cancer_7_stroma	0	0.0272108843537415	0.0121951219512195	0.0153846153846154	0	0
source_cancer_8_stroma	0	0.028169014084507	0.012987012987013	0.0166666666666667	0	0
source_cancer_9_stroma	0	0.0204081632653061	0.0123456790123457	0.015625	0	0
