clone_1	clone_2	clone_3	clone_4	clone_5	clone_6	clone_7	clone_8	clone_9	clone_10	clone_11
target_cancer_0_cancer	0.00479616306954436	0	0	0	0	0	0	0	0	0.00709219858156028	0
target_cancer_12_cancer	0.0048661800486618	0	0	0	0	0	0	0	0	0.00740740740740741	0
target_cancer_14_cancer	0.00472813238770686	0	0	0	0	0	0	0	0	0.00680272108843537	0
target_cancer_18_cancer	0.00709219858156028	0	0	0.00483091787439614	0	0	0	0	0	0.00675675675675676	0
target_cancer_23_cancer	0.00437636761487965	0	0	0	0.00568181818181818	0	0	0	0	0.00552486187845304	0
target_cancer_9_cancer	0.00748129675810474	0	0	0.00540540540540541	0	0	0	0	0	0.00793650793650794	0
target_cancer_10_cancer	0.00477326968973747	0	0	0	0	0	0	0	0	0.00699300699300699	0
target_cancer_11_cancer	0.00491400491400491	0	0	0	0	0	0	0	0	0.00763358778625954	0
target_cancer_15_cancer	0.00246305418719212	0	0	0	0	0	0	0	0	0.00775193798449612	0
target_cancer_2_cancer	0.00728155339805825	0	0	0.00510204081632653	0	0	0	0	0	0.0072992700729927	0
target_cancer_20_cancer	0.00684931506849315	0	0	0.0045045045045045	0	0	0	0	0	0.00613496932515337	0
target_cancer_5_cancer	0.00726392251815981	0	0	0.0050761421319797	0	0	0	0	0	0.0072463768115942	0
target_cancer_1_cancer	0.00520833333333333	0	0	0	0	0	0	0	0	0.00925925925925926	0
target_cancer_17_cancer	0.00488997555012225	0	0	0	0	0	0	0	0	0.0075187969924812	0
target_cancer_13_cancer	0.0048661800486618	0	0	0	0	0	0	0	0	0.00740740740740741	0
target_cancer_6_cancer	0.00508905852417303	0	0	0	0	0	0	0	0	0.00854700854700855	0
target_cancer_22_cancer	0.0077120822622108	0	0	0.00578034682080925	0	0	0	0	0	0.0087719298245614	0
target_cancer_21_cancer	0.00518134715025907	0	0	0	0	0	0	0	0	0.00909090909090909	0
target_cancer_4_cancer	0.005	0	0	0	0	0	0	0	0	0.00806451612903226	0
target_cancer_3_cancer	0.00252525252525253	0	0	0	0	0	0	0	0	0.00840336134453781	0
target_cancer_7_cancer	0.00505050505050505	0	0	0.00558659217877095	0	0	0	0	0	0.00833333333333333	0
target_cancer_19_cancer	0.00555555555555556	0	0	0.00699300699300699	0	0	0	0	0	0.0119047619047619	0
target_cancer_16_cancer	0.0025974025974026	0	0	0	0	0	0	0	0	0.00925925925925926	0
target_cancer_8_cancer	0.00537634408602151	0	0	0	0	0	0	0	0	0.0104166666666667	0
target_cancer_0_B-cells-M	0	0	0	0	0	0	0	0	0	0	0
target_cancer_12_B-cells-M	0	0	0	0	0	0	0	0	0	0	0
target_cancer_14_B-cells-M	0	0	0	0	0	0	0	0	0	0	0
target_cancer_18_B-cells-M	0	0	0	0	0	0	0	0	0	0	0
target_cancer_23_B-cells-M	0	0	0	0	0	0	0	0	0	0	0
target_cancer_9_B-cells-M	0	0	0	0	0	0	0	0	0	0	0
target_cancer_10_B-cells-M	0	0	0	0	0	0	0	0	0	0	0
target_cancer_11_B-cells-M	0	0	0	0	0	0	0	0	0	0	0
target_cancer_15_B-cells-M	0	0	0	0	0	0	0	0	0	0	0
target_cancer_2_B-cells-M	0	0	0	0	0	0	0	0	0	0	0
target_cancer_20_B-cells-M	0	0	0	0	0	0	0	0	0	0	0
target_cancer_5_B-cells-M	0	0	0	0	0	0	0	0	0	0	0
target_cancer_13_B-cells-M	0	0	0	0	0	0	0	0	0	0	0
target_cancer_16_B-cells-M	0	0	0	0	0	0	0	0	0	0	0
target_cancer_17_B-cells-M	0	0	0	0	0	0	0	0	0	0	0
target_cancer_3_B-cells-M	0	0	0	0	0	0	0	0	0	0	0
target_cancer_4_B-cells-M	0	0	0	0	0	0	0	0	0	0	0
target_cancer_6_B-cells-M	0	0	0	0	0	0	0	0	0	0	0
target_cancer_7_B-cells-M	0	0	0	0	0	0	0	0	0	0	0
target_cancer_8_B-cells-M	0	0	0	0	0	0	0	0	0	0	0
target_cancer_1_B-cells-M	0	0	0	0	0	0	0	0	0	0	0
target_cancer_21_B-cells-M	0	0	0	0	0	0	0	0	0	0	0
target_cancer_22_B-cells-M	0	0	0	0	0	0	0	0	0	0	0
target_cancer_0_B-cells-PB	0.00269541778975741	0	0	0	0	0	0	0	0	0.0106382978723404	0
target_cancer_12_B-cells-PB	0.00271739130434783	0	0	0	0	0	0	0	0	0.010989010989011	0
target_cancer_14_B-cells-PB	0.00267379679144385	0	0	0	0	0	0	0	0	0.0103092783505155	0
target_cancer_18_B-cells-PB	0.00542005420054201	0	0	0.00657894736842105	0	0	0	0	0	0.010752688172043	0
target_cancer_23_B-cells-PB	0.00265957446808511	0	0	0	0	0	0	0	0	0.0101010101010101	0
target_cancer_9_B-cells-PB	0.00554016620498615	0	0	0.00694444444444444	0	0	0	0	0	0.0117647058823529	0
target_cancer_10_B-cells-PB	0.00273224043715847	0	0	0	0	0	0	0	0	0.0112359550561798	0
target_cancer_11_B-cells-PB	0.00275482093663912	0	0	0	0	0	0	0	0	0.0116279069767442	0
target_cancer_15_B-cells-PB	0.00273972602739726	0	0	0	0	0	0	0	0	0.0113636363636364	0
target_cancer_2_B-cells-PB	0.00547945205479452	0	0	0.00675675675675676	0	0	0	0	0	0.0112359550561798	0
target_cancer_20_B-cells-PB	0.00530503978779841	0	0	0.00625	0	0	0	0	0	0.0099009900990099	0
target_cancer_5_B-cells-PB	0.00547945205479452	0	0	0.00675675675675676	0	0	0	0	0	0.0112359550561798	0
target_cancer_22_B-cells-PB	0.00282485875706215	0	0	0	0	0	0	0	0	0.012987012987013	0
target_cancer_4_B-cells-PB	0.00276243093922652	0	0	0	0	0	0	0	0	0.0117647058823529	0
target_cancer_6_B-cells-PB	0.00280112044817927	0	0	0	0	0	0	0	0	0.0125	0
target_cancer_1_B-cells-PB	0.00282485875706215	0	0	0	0	0	0	0	0	0.012987012987013	0
target_cancer_17_B-cells-PB	0.00273972602739726	0	0	0	0	0	0	0	0	0.0113636363636364	0
target_cancer_13_B-cells-PB	0.00275482093663912	0	0	0	0	0	0	0	0	0.0116279069767442	0
target_cancer_3_B-cells-PB	0.00277777777777778	0	0	0	0	0	0	0	0	0.0120481927710843	0
target_cancer_7_B-cells-PB	0.00561797752808989	0	0	0.00719424460431655	0	0	0	0	0	0.0125	0
target_cancer_16_B-cells-PB	0.00284090909090909	0	0	0	0	0	0	0	0	0.0133333333333333	0
target_cancer_8_B-cells-PB	0.00286532951289398	0	0	0	0	0	0	0	0	0.0138888888888889	0
target_cancer_19_B-cells-PB	0.00588235294117647	0	0	0.00813008130081301	0	0	0	0	0	0.015625	0
target_cancer_21_B-cells-PB	0.00286532951289398	0	0	0	0	0	0	0	0	0.0138888888888889	0
target_cancer_0_Dendritic	0.0027027027027027	0	0	0	0	0	0	0	0	0	0
target_cancer_12_Dendritic	0.00275482093663912	0	0	0	0	0	0	0	0	0	0
target_cancer_14_Dendritic	0.00268817204301075	0	0	0	0	0	0	0	0	0	0
target_cancer_18_Dendritic	0.00269541778975741	0	0	0	0	0	0	0	0	0	0
target_cancer_23_Dendritic	0.00261096605744125	0	0	0	0	0	0	0	0	0	0
target_cancer_9_Dendritic	0.00277008310249307	0	0	0	0	0	0	0	0	0	0
target_cancer_10_Dendritic	0.002710027100271	0	0	0	0	0	0	0	0	0	0
target_cancer_11_Dendritic	0.00280112044817927	0	0	0	0	0	0	0	0	0	0
target_cancer_15_Dendritic	0.00276243093922652	0	0	0	0	0	0	0	0	0	0
target_cancer_2_Dendritic	0.00273972602739726	0	0	0	0	0	0	0	0	0	0
target_cancer_20_Dendritic	0.00266666666666667	0	0	0	0	0	0	0	0	0	0
target_cancer_5_Dendritic	0.00273224043715847	0	0	0	0	0	0	0	0	0	0
target_cancer_13_Dendritic	0.00273972602739726	0	0	0	0	0	0	0	0	0	0
target_cancer_16_Dendritic	0.00286532951289398	0	0	0	0	0	0	0	0	0	0
target_cancer_17_Dendritic	0.00280112044817927	0	0	0	0	0	0	0	0	0	0
target_cancer_3_Dendritic	0.00280112044817927	0	0	0	0	0	0	0	0	0	0
target_cancer_4_Dendritic	0.00280898876404494	0	0	0	0	0	0	0	0	0	0
target_cancer_6_Dendritic	0.00282485875706215	0	0	0	0	0	0	0	0	0	0
target_cancer_7_Dendritic	0.00280898876404494	0	0	0	0	0	0	0	0	0	0
target_cancer_8_Dendritic	0.0028735632183908	0	0	0	0	0	0	0	0	0	0
target_cancer_21_Dendritic	0	0	0	0	0	0	0	0	0	0	0
target_cancer_1_Dendritic	0	0	0	0	0	0	0	0	0	0	0
target_cancer_22_Dendritic	0	0	0	0	0	0	0	0	0	0	0
target_cancer_19_Dendritic	0	0	0	0	0	0	0	0	0	0	0
target_cancer_0_Mast-cells	0.00279329608938547	0	0	0	0	0	0	0	0	0	0
target_cancer_12_Mast-cells	0	0	0	0	0	0	0	0	0	0	0
target_cancer_14_Mast-cells	0.00279329608938547	0	0	0	0	0	0	0	0	0	0
target_cancer_18_Mast-cells	0.00278551532033426	0	0	0	0	0	0	0	0	0	0
target_cancer_23_Mast-cells	0.00274725274725275	0	0	0	0.0121951219512195	0	0	0	0	0	0
target_cancer_9_Mast-cells	0.00282485875706215	0	0	0	0	0	0	0	0	0	0
target_cancer_10_Mast-cells	0.00282485875706215	0	0	0	0	0	0	0	0	0	0
target_cancer_11_Mast-cells	0.00285714285714286	0	0	0	0	0	0	0	0	0	0
target_cancer_15_Mast-cells	0	0	0	0	0	0	0	0	0	0	0
target_cancer_2_Mast-cells	0.0028169014084507	0	0	0	0	0	0	0	0	0	0
target_cancer_20_Mast-cells	0.00277008310249307	0	0	0	0	0	0	0	0	0	0
target_cancer_5_Mast-cells	0	0	0	0	0	0	0	0	0	0	0
target_cancer_13_Mast-cells	0.00282485875706215	0	0	0	0	0	0	0	0	0	0
target_cancer_16_Mast-cells	0	0	0	0	0	0	0	0	0	0	0
target_cancer_17_Mast-cells	0	0	0	0	0	0	0	0	0	0	0
target_cancer_3_Mast-cells	0	0	0	0	0	0	0	0	0	0	0
target_cancer_4_Mast-cells	0	0	0	0	0	0	0	0	0	0	0
target_cancer_6_Mast-cells	0.00288184438040346	0	0	0	0	0	0	0	0	0	0
target_cancer_7_Mast-cells	0	0	0	0	0	0	0	0	0	0	0
target_cancer_8_Mast-cells	0.00291545189504373	0	0	0	0	0	0	0	0	0	0
target_cancer_1_Mast-cells	0	0	0	0	0	0	0	0	0	0	0
target_cancer_19_Mast-cells	0	0	0	0	0	0	0	0	0	0	0
target_cancer_21_Mast-cells	0	0	0	0	0	0	0	0	0	0	0
target_cancer_22_Mast-cells	0	0	0	0	0	0	0	0	0	0	0
target_cancer_0_MF-Monocytes	0.00530503978779841	0	0	0	0	0	0	0	0	0.0099009900990099	0
target_cancer_12_MF-Monocytes	0.00537634408602151	0	0	0	0	0	0	0	0	0.0104166666666667	0
target_cancer_14_MF-Monocytes	0.00527704485488127	0	0	0	0	0	0	0	0	0.00970873786407767	0
target_cancer_18_MF-Monocytes	0.0053475935828877	0	0	0	0	0	0	0	0	0.0102040816326531	0
target_cancer_23_MF-Monocytes	0.00510204081632653	0	0	0	0	0	0	0	0	0.00862068965517241	0
target_cancer_9_MF-Monocytes	0.00547945205479452	0	0	0	0	0	0	0	0	0.0112359550561798	0
target_cancer_10_MF-Monocytes	0.0053475935828877	0	0	0	0	0	0	0	0	0.0102040816326531	0
target_cancer_11_MF-Monocytes	0.00546448087431694	0	0	0	0	0	0	0	0	0.0111111111111111	0
target_cancer_15_MF-Monocytes	0.00540540540540541	0	0	0	0	0	0	0	0	0.0106382978723404	0
target_cancer_2_MF-Monocytes	0.00533333333333333	0	0	0	0	0	0	0	0	0.0101010101010101	0
target_cancer_20_MF-Monocytes	0.00520833333333333	0	0	0	0	0	0	0	0	0.00925925925925926	0
target_cancer_5_MF-Monocytes	0.00537634408602151	0	0	0	0	0	0	0	0	0.0104166666666667	0
target_cancer_13_MF-Monocytes	0.00536193029490617	0	0	0	0	0	0	0	0	0.0103092783505155	0
target_cancer_16_MF-Monocytes	0.00558659217877095	0	0	0	0	0	0	0	0	0.0121951219512195	0
target_cancer_17_MF-Monocytes	0.00550964187327824	0	0	0	0	0	0	0	0	0.0114942528735632	0
target_cancer_3_MF-Monocytes	0.00547945205479452	0	0	0	0	0	0	0	0	0.0112359550561798	0
target_cancer_4_MF-Monocytes	0.00547945205479452	0	0	0	0	0	0	0	0	0.0112359550561798	0
target_cancer_6_MF-Monocytes	0.00555555555555556	0	0	0	0	0	0	0	0	0.0119047619047619	0
target_cancer_7_MF-Monocytes	0.00547945205479452	0	0	0	0	0	0	0	0	0.0112359550561798	0
target_cancer_8_MF-Monocytes	0.00564971751412429	0	0	0	0	0	0	0	0	0.0128205128205128	0
target_cancer_21_MF-Monocytes	0.00275482093663912	0	0	0	0	0	0	0	0	0.0116279069767442	0
target_cancer_1_MF-Monocytes	0.0028169014084507	0	0	0	0	0	0	0	0	0.0128205128205128	0
target_cancer_22_MF-Monocytes	0.00284900284900285	0	0	0	0	0	0	0	0	0.0135135135135135	0
target_cancer_19_MF-Monocytes	0.00294117647058824	0	0	0	0	0	0	0	0	0.0158730158730159	0
target_cancer_0_pDCs	0	0	0	0	0	0	0	0	0	0	0
target_cancer_12_pDCs	0	0	0	0	0	0	0	0	0	0	0
target_cancer_14_pDCs	0	0	0	0	0	0	0	0	0	0	0
target_cancer_18_pDCs	0	0	0	0	0	0	0	0	0	0	0
target_cancer_23_pDCs	0	0	0	0	0	0	0	0	0	0	0
target_cancer_9_pDCs	0	0	0	0	0	0	0	0	0	0	0
target_cancer_10_pDCs	0	0	0	0	0	0	0	0	0	0	0
target_cancer_11_pDCs	0	0	0	0	0	0	0	0	0	0	0
target_cancer_15_pDCs	0	0	0	0	0	0	0	0	0	0	0
target_cancer_2_pDCs	0	0	0	0	0	0	0	0	0	0	0
target_cancer_20_pDCs	0	0	0	0	0	0	0	0	0	0	0
target_cancer_5_pDCs	0	0	0	0	0	0	0	0	0	0	0
target_cancer_13_pDCs	0	0	0	0	0	0	0	0	0	0	0
target_cancer_16_pDCs	0	0	0	0	0	0	0	0	0	0	0
target_cancer_17_pDCs	0	0	0	0	0	0	0	0	0	0	0
target_cancer_3_pDCs	0	0	0	0	0	0	0	0	0	0	0
target_cancer_4_pDCs	0	0	0	0	0	0	0	0	0	0	0
target_cancer_6_pDCs	0	0	0	0	0	0	0	0	0	0	0
target_cancer_7_pDCs	0	0	0	0	0	0	0	0	0	0	0
target_cancer_8_pDCs	0	0	0	0	0	0	0	0	0	0	0
target_cancer_21_pDCs	0	0	0	0	0	0	0	0	0	0	0
target_cancer_1_pDCs	0	0	0	0	0	0	0	0	0	0	0
target_cancer_19_pDCs	0	0	0	0	0	0	0	0	0	0	0
target_cancer_22_pDCs	0	0	0	0	0	0	0	0	0	0	0
target_cancer_0_T-cells	0	0	0	0	0	0	0	0	0	0	0
target_cancer_12_T-cells	0	0	0	0	0	0	0	0	0	0	0
target_cancer_14_T-cells	0	0	0	0	0	0	0	0	0	0	0
target_cancer_18_T-cells	0	0	0	0	0	0	0	0	0	0	0
target_cancer_23_T-cells	0	0	0	0	0	0	0	0	0	0	0
target_cancer_9_T-cells	0	0	0	0	0	0	0	0	0	0	0
target_cancer_10_T-cells	0	0	0	0	0	0	0	0	0	0	0
target_cancer_11_T-cells	0	0	0	0	0	0	0	0	0	0	0
target_cancer_15_T-cells	0	0	0	0	0	0	0	0	0	0	0
target_cancer_2_T-cells	0	0	0	0	0	0	0	0	0	0	0
target_cancer_20_T-cells	0	0	0	0	0	0	0	0	0	0	0
target_cancer_5_T-cells	0	0	0	0	0	0	0	0	0	0	0
target_cancer_13_T-cells	0	0	0	0	0	0	0	0	0	0	0
target_cancer_1_T-cells	0	0	0	0	0	0	0	0	0	0	0
target_cancer_21_T-cells	0	0	0	0	0	0	0	0	0	0	0
target_cancer_16_T-cells	0	0	0	0	0	0	0	0	0	0	0
target_cancer_17_T-cells	0	0	0	0	0	0	0	0	0	0	0
target_cancer_22_T-cells	0	0	0	0	0	0	0	0	0	0	0
target_cancer_3_T-cells	0	0	0	0	0	0	0	0	0	0	0
target_cancer_4_T-cells	0	0	0	0	0	0	0	0	0	0	0
target_cancer_6_T-cells	0	0	0	0	0	0	0	0	0	0	0
target_cancer_7_T-cells	0	0	0	0	0	0	0	0	0	0	0
target_cancer_8_T-cells	0	0	0	0	0	0	0	0	0	0	0
target_cancer_19_T-cells	0	0	0	0	0	0	0	0	0	0	0
target_cancer_0_fibroblast	0.00261780104712042	0	0	0	0	0	0	0	0	0.00952380952380952	0
target_cancer_12_fibroblast	0.00264550264550265	0	0	0	0	0	0	0	0	0.0099009900990099	0
target_cancer_14_fibroblast	0.00261096605744125	0	0	0	0	0	0	0	0	0.00943396226415094	0
target_cancer_18_fibroblast	0.00527704485488127	0	0	0.00617283950617284	0	0	0	0	0	0.00970873786407767	0
target_cancer_23_fibroblast	0.00253807106598985	0	0	0	0.00892857142857143	0	0	0	0	0.00854700854700855	0
target_cancer_9_fibroblast	0.00546448087431694	0	0	0.00671140939597315	0	0	0	0	0	0.0111111111111111	0
target_cancer_10_fibroblast	0.00263157894736842	0	0	0	0	0	0	0	0	0.00970873786407767	0
target_cancer_11_fibroblast	0.00267379679144385	0	0	0	0	0	0	0	0	0.0103092783505155	0
target_cancer_15_fibroblast	0.00266666666666667	0	0	0	0	0	0	0	0	0.0102040816326531	0
target_cancer_2_fibroblast	0.00526315789473684	0	0	0.00613496932515337	0	0	0	0	0	0.00961538461538462	0
target_cancer_20_fibroblast	0.00510204081632653	0	0	0.00571428571428571	0	0	0	0	0	0.00862068965517241	0
target_cancer_5_fibroblast	0.00527704485488127	0	0	0.00617283950617284	0	0	0	0	0	0.00970873786407767	0
target_cancer_1_fibroblast	0.00277777777777778	0	0	0	0	0	0	0	0	0.0120481927710843	0
target_cancer_17_fibroblast	0.00266666666666667	0	0	0	0	0	0	0	0	0.0102040816326531	0
target_cancer_13_fibroblast	0.00264550264550265	0	0	0	0	0	0	0	0	0.0099009900990099	0
target_cancer_22_fibroblast	0.00557103064066852	0	0	0.00704225352112676	0	0	0	0	0	0.0120481927710843	0
target_cancer_16_fibroblast	0.00274725274725275	0	0	0	0	0	0	0	0	0.0114942528735632	0
target_cancer_3_fibroblast	0.00269541778975741	0	0	0	0	0	0	0	0	0.0106382978723404	0
target_cancer_4_fibroblast	0.00268817204301075	0	0	0	0	0	0	0	0	0.0105263157894737	0
target_cancer_6_fibroblast	0.00274725274725275	0	0	0	0	0	0	0	0	0.0114942528735632	0
target_cancer_7_fibroblast	0.00540540540540541	0	0	0.0065359477124183	0	0	0	0	0	0.0106382978723404	0
target_cancer_8_fibroblast	0.00282485875706215	0	0	0	0	0	0	0	0	0.012987012987013	0
target_cancer_21_fibroblast	0.00277008310249307	0	0	0	0	0	0	0	0	0.0119047619047619	0
target_cancer_19_fibroblast	0.00574712643678161	0	0	0.00763358778625954	0	0	0	0	0	0.0138888888888889	0
target_cancer_0_alveolar_type_2	0.00263157894736842	0	0	0	0	0	0	0	0	0.00970873786407767	0
target_cancer_12_alveolar_type_2	0.00268096514745308	0	0	0	0	0	0	0	0	0.0104166666666667	0
target_cancer_14_alveolar_type_2	0.0026246719160105	0	0	0	0	0	0	0	0	0.00961538461538462	0
target_cancer_15_alveolar_type_2	0.00267379679144385	0	0	0	0	0	0	0	0	0.0103092783505155	0
target_cancer_23_alveolar_type_2	0.0025706940874036	0	0	0	0	0	0	0	0	0.00892857142857143	0
target_cancer_20_alveolar_type_2	0.00518134715025907	0	0	0.00591715976331361	0	0	0	0	0	0.00909090909090909	0
target_cancer_1_alveolar_type_2	0.00280112044817927	0	0	0	0	0	0	0	0	0.0125	0
target_cancer_2_alveolar_type_2	0.0053475935828877	0	0	0.00636942675159236	0	0	0	0	0	0.0102040816326531	0
target_cancer_17_alveolar_type_2	0.00265957446808511	0	0	0	0	0	0	0	0	0.0101010101010101	0
target_cancer_13_alveolar_type_2	0.00266666666666667	0	0	0	0	0	0	0	0	0.0102040816326531	0
target_cancer_10_alveolar_type_2	0.00264550264550265	0	0	0	0	0	0	0	0	0.0099009900990099	0
target_cancer_11_alveolar_type_2	0.00272479564032698	0	0	0	0	0	0	0	0	0.0111111111111111	0
target_cancer_18_alveolar_type_2	0.00530503978779841	0	0	0.00625	0	0	0	0	0	0.0099009900990099	0
target_cancer_5_alveolar_type_2	0.00526315789473684	0	0	0.00613496932515337	0	0	0	0	0	0.00961538461538462	0
target_cancer_6_alveolar_type_2	0.00272479564032698	0	0	0	0	0	0	0	0	0.0111111111111111	0
target_cancer_9_alveolar_type_2	0.00547945205479452	0	0	0.00675675675675676	0	0	0	0	0	0.0112359550561798	0
target_cancer_16_alveolar_type_2	0.00273972602739726	0	0	0	0	0	0	0	0	0.0113636363636364	0
target_cancer_3_alveolar_type_2	0.00268817204301075	0	0	0	0	0	0	0	0	0.0105263157894737	0
target_cancer_4_alveolar_type_2	0.00268817204301075	0	0	0	0	0	0	0	0	0.0105263157894737	0
target_cancer_7_alveolar_type_2	0.00544959128065395	0	0	0.00666666666666667	0	0	0	0	0	0.010989010989011	0
target_cancer_8_alveolar_type_2	0.0028328611898017	0	0	0	0	0	0	0	0	0.0131578947368421	0
target_cancer_21_alveolar_type_2	0.00280898876404494	0	0	0	0	0	0	0	0	0.0126582278481013	0
target_cancer_22_alveolar_type_2	0.00277008310249307	0	0	0	0	0	0	0	0	0.0119047619047619	0
target_cancer_19_alveolar_type_2	0	0	0	0	0	0	0	0	0	0	0
target_cancer_0_basal_cell	0.0026525198938992	0	0	0	0	0	0	0	0	0.01	0
target_cancer_12_basal_cell	0.0026525198938992	0	0	0	0	0	0	0	0	0.01	0
target_cancer_14_basal_cell	0.0026246719160105	0	0	0	0	0	0	0	0	0.00961538461538462	0
target_cancer_15_basal_cell	0.00266666666666667	0	0	0	0	0	0	0	0	0.0102040816326531	0
target_cancer_23_basal_cell	0.0025706940874036	0	0	0	0	0	0	0	0	0.00892857142857143	0
target_cancer_20_basal_cell	0.00515463917525773	0	0	0.00584795321637427	0	0	0	0	0	0.00892857142857143	0
target_cancer_1_basal_cell	0.00275482093663912	0	0	0	0	0	0	0	0	0.0116279069767442	0
target_cancer_2_basal_cell	0.00530503978779841	0	0	0.00625	0	0	0	0	0	0.0099009900990099	0
target_cancer_17_basal_cell	0.00265957446808511	0	0	0	0	0	0	0	0	0.0101010101010101	0
target_cancer_13_basal_cell	0.00266666666666667	0	0	0	0	0	0	0	0	0.0102040816326531	0
target_cancer_10_basal_cell	0.0026525198938992	0	0	0	0	0	0	0	0	0.01	0
target_cancer_11_basal_cell	0.00269541778975741	0	0	0	0	0	0	0	0	0.0106382978723404	0
target_cancer_18_basal_cell	0.005249343832021	0	0	0.00609756097560976	0	0	0	0	0	0.00952380952380952	0
target_cancer_5_basal_cell	0.00531914893617021	0	0	0.00628930817610063	0	0	0	0	0	0.01	0
target_cancer_9_basal_cell	0.00546448087431694	0	0	0.00671140939597315	0	0	0	0	0	0.0111111111111111	0
target_cancer_22_basal_cell	0.00546448087431694	0	0	0.00671140939597315	0	0	0	0	0	0.0111111111111111	0
target_cancer_4_basal_cell	0.0027027027027027	0	0	0	0	0	0	0	0	0.010752688172043	0
target_cancer_6_basal_cell	0.00275482093663912	0	0	0	0	0	0	0	0	0.0116279069767442	0
target_cancer_3_basal_cell	0.00272479564032698	0	0	0	0	0	0	0	0	0.0111111111111111	0
target_cancer_7_basal_cell	0.00546448087431694	0	0	0.00671140939597315	0	0	0	0	0	0.0111111111111111	0
target_cancer_19_basal_cell	0.00581395348837209	0	0	0.0078740157480315	0	0	0	0	0	0.0147058823529412	0
target_cancer_21_basal_cell	0.00277777777777778	0	0	0	0	0	0	0	0	0.0120481927710843	0
target_cancer_16_basal_cell	0.00277008310249307	0	0	0	0	0	0	0	0	0.0119047619047619	0
target_cancer_8_basal_cell	0.0028328611898017	0	0	0	0	0	0	0	0	0.0131578947368421	0
target_cancer_0_ciliated_cell	0.00282485875706215	0	0	0	0	0	0	0	0	0.012987012987013	0
target_cancer_10_ciliated_cell	0.00280112044817927	0	0	0	0	0	0	0	0	0.0125	0
target_cancer_11_ciliated_cell	0.0028328611898017	0	0	0	0	0	0	0	0	0.0131578947368421	0
target_cancer_13_ciliated_cell	0.0028328611898017	0	0	0	0	0	0	0	0	0.0131578947368421	0
target_cancer_14_ciliated_cell	0.00279329608938547	0	0	0	0	0	0	0	0	0.0123456790123457	0
target_cancer_15_ciliated_cell	0.00282485875706215	0	0	0	0	0	0	0	0	0.012987012987013	0
target_cancer_18_ciliated_cell	0.00286532951289398	0	0	0	0	0	0	0	0	0.0138888888888889	0
target_cancer_2_ciliated_cell	0.00280898876404494	0	0	0	0	0	0	0	0	0.0126582278481013	0
target_cancer_20_ciliated_cell	0.00277777777777778	0	0	0	0	0	0	0	0	0.0120481927710843	0
target_cancer_23_ciliated_cell	0.00277777777777778	0	0	0	0	0	0	0	0	0.0120481927710843	0
target_cancer_5_ciliated_cell	0.00280112044817927	0	0	0	0	0	0	0	0	0.0125	0
target_cancer_6_ciliated_cell	0.0028735632183908	0	0	0	0	0	0	0	0	0.0140845070422535	0
target_cancer_9_ciliated_cell	0.0028735632183908	0	0	0	0	0	0	0	0	0.0140845070422535	0
target_cancer_1_ciliated_cell	0.00285714285714286	0	0	0	0	0	0	0	0	0.0136986301369863	0
target_cancer_22_ciliated_cell	0.00284900284900285	0	0	0	0	0	0	0	0	0.0135135135135135	0
target_cancer_12_ciliated_cell	0.00284090909090909	0	0	0	0	0	0	0	0	0.0133333333333333	0
target_cancer_16_ciliated_cell	0.00284900284900285	0	0	0	0	0	0	0	0	0.0135135135135135	0
target_cancer_17_ciliated_cell	0.0028328611898017	0	0	0	0	0	0	0	0	0.0131578947368421	0
target_cancer_3_ciliated_cell	0.00284090909090909	0	0	0	0	0	0	0	0	0.0133333333333333	0
target_cancer_4_ciliated_cell	0.00284090909090909	0	0	0	0	0	0	0	0	0.0133333333333333	0
target_cancer_7_ciliated_cell	0.00285714285714286	0	0	0	0	0	0	0	0	0.0136986301369863	0
target_cancer_21_ciliated_cell	0.00288184438040346	0	0	0	0	0	0	0	0	0.0142857142857143	0
target_cancer_8_ciliated_cell	0.00289017341040462	0	0	0	0	0	0	0	0	0.0144927536231884	0
target_cancer_19_ciliated_cell	0.00294117647058824	0	0	0	0	0	0	0	0	0.0158730158730159	0
target_cancer_0_club cell	0.0026246719160105	0	0	0	0	0	0	0	0	0.00961538461538462	0
target_cancer_10_club cell	0.0025974025974026	0	0	0	0	0	0	0	0	0.00925925925925926	0
target_cancer_11_club cell	0.00265957446808511	0	0	0	0	0	0	0	0	0.0101010101010101	0
target_cancer_12_club cell	0.00263852242744063	0	0	0	0	0	0	0	0	0.00980392156862745	0
target_cancer_13_club cell	0.00261780104712042	0	0	0	0	0	0	0	0	0.00952380952380952	0
target_cancer_14_club cell	0.00261096605744125	0	0	0	0	0	0	0	0	0.00943396226415094	0
target_cancer_15_club cell	0.00264550264550265	0	0	0	0	0	0	0	0	0.0099009900990099	0
target_cancer_17_club cell	0.00261096605744125	0	0	0	0	0	0	0	0	0.00943396226415094	0
target_cancer_18_club cell	0.00523560209424084	0	0	0.00606060606060606	0	0	0	0	0	0.00943396226415094	0
target_cancer_2_club cell	0.00529100529100529	0	0	0.0062111801242236	0	0	0	0	0	0.00980392156862745	0
target_cancer_20_club cell	0.00505050505050505	0	0	0.00558659217877095	0	0	0	0	0	0.00833333333333333	0
target_cancer_23_club cell	0.00253807106598985	0	0	0	0	0	0	0	0	0.00854700854700855	0
target_cancer_5_club cell	0.00520833333333333	0	0	0.00598802395209581	0	0	0	0	0	0.00925925925925926	0
target_cancer_6_club cell	0.00265957446808511	0	0	0	0	0	0	0	0	0.0101010101010101	0
target_cancer_9_club cell	0.00533333333333333	0	0	0.00632911392405063	0	0	0	0	0	0.0101010101010101	0
target_cancer_22_club cell	0.00547945205479452	0	0	0.00675675675675676	0	0	0	0	0	0.0112359550561798	0
target_cancer_4_club cell	0.0026525198938992	0	0	0	0	0	0	0	0	0.01	0
target_cancer_1_club cell	0.00277008310249307	0	0	0	0	0	0	0	0	0.0119047619047619	0
target_cancer_3_club cell	0.0026525198938992	0	0	0	0	0	0	0	0	0.01	0
target_cancer_7_club cell	0.00536193029490617	0	0	0.00641025641025641	0	0	0	0	0	0.0103092783505155	0
target_cancer_16_club cell	0.00272479564032698	0	0	0	0	0	0	0	0	0.0111111111111111	0
target_cancer_8_club cell	0.00280112044817927	0	0	0	0	0	0	0	0	0.0125	0
target_cancer_21_club cell	0.00277008310249307	0	0	0	0	0	0	0	0	0.0119047619047619	0
target_cancer_19_club cell	0.00578034682080925	0	0	0.00775193798449612	0	0	0	0	0	0.0142857142857143	0
target_cancer_0_hepatocyte	0.00275482093663912	0	0	0	0	0	0	0	0	0.0116279069767442	0
target_cancer_10_hepatocyte	0.00275482093663912	0	0	0	0	0	0	0	0	0.0116279069767442	0
target_cancer_11_hepatocyte	0.00280898876404494	0	0	0	0	0	0	0	0	0.0126582278481013	0
target_cancer_12_hepatocyte	0.00280898876404494	0	0	0	0	0	0	0	0	0.0126582278481013	0
target_cancer_13_hepatocyte	0.00277777777777778	0	0	0	0	0	0	0	0	0.0120481927710843	0
target_cancer_14_hepatocyte	0.00277008310249307	0	0	0	0	0	0	0	0	0.0119047619047619	0
target_cancer_15_hepatocyte	0.00280112044817927	0	0	0	0	0	0	0	0	0.0125	0
target_cancer_17_hepatocyte	0.0028169014084507	0	0	0	0	0	0	0	0	0.0128205128205128	0
target_cancer_18_hepatocyte	0.00277777777777778	0	0	0	0	0	0	0	0	0.0120481927710843	0
target_cancer_2_hepatocyte	0.00274725274725275	0	0	0	0	0	0	0	0	0.0114942528735632	0
target_cancer_20_hepatocyte	0.00273972602739726	0	0	0	0	0	0	0	0	0.0113636363636364	0
target_cancer_23_hepatocyte	0.00273224043715847	0	0	0	0	0	0	0	0	0.0112359550561798	0
target_cancer_5_hepatocyte	0.00277008310249307	0	0	0	0	0	0	0	0	0.0119047619047619	0
target_cancer_6_hepatocyte	0.0028328611898017	0	0	0	0	0	0	0	0	0.0131578947368421	0
target_cancer_9_hepatocyte	0.0028169014084507	0	0	0	0	0	0	0	0	0.0128205128205128	0
target_cancer_16_hepatocyte	0.0028328611898017	0	0	0	0	0	0	0	0	0.0131578947368421	0
target_cancer_3_hepatocyte	0.00280112044817927	0	0	0	0	0	0	0	0	0.0125	0
target_cancer_4_hepatocyte	0.00278551532033426	0	0	0	0	0	0	0	0	0.0121951219512195	0
target_cancer_7_hepatocyte	0.00280898876404494	0	0	0	0	0	0	0	0	0.0126582278481013	0
target_cancer_8_hepatocyte	0.00285714285714286	0	0	0	0	0	0	0	0	0.0136986301369863	0
target_cancer_21_hepatocyte	0.00282485875706215	0	0	0	0	0	0	0	0	0.012987012987013	0
target_cancer_19_hepatocyte	0	0	0	0	0	0	0	0	0	0	0
target_cancer_22_hepatocyte	0.00286532951289398	0	0	0	0	0	0	0	0	0.0138888888888889	0
target_cancer_1_hepatocyte	0.00285714285714286	0	0	0	0	0	0	0	0	0.0136986301369863	0
target_cancer_0_ionocyte	0.00273972602739726	0	0	0	0	0	0	0	0	0.0113636363636364	0
target_cancer_10_ionocyte	0.00268817204301075	0	0	0	0	0	0	0	0	0.0105263157894737	0
target_cancer_11_ionocyte	0.00276243093922652	0	0	0	0	0	0	0	0	0.0117647058823529	0
target_cancer_12_ionocyte	0.00276243093922652	0	0	0	0	0	0	0	0	0.0117647058823529	0
target_cancer_13_ionocyte	0.00273224043715847	0	0	0	0	0	0	0	0	0.0112359550561798	0
target_cancer_14_ionocyte	0.00272479564032698	0	0	0	0	0	0	0	0	0.0111111111111111	0
target_cancer_15_ionocyte	0.00273972602739726	0	0	0	0	0	0	0	0	0.0113636363636364	0
target_cancer_17_ionocyte	0.002710027100271	0	0	0	0	0	0	0	0	0.0108695652173913	0
target_cancer_18_ionocyte	0.00543478260869565	0	0	0.00662251655629139	0	0	0	0	0	0.0108695652173913	0
target_cancer_2_ionocyte	0.00544959128065395	0	0	0.00666666666666667	0	0	0	0	0	0.010989010989011	0
target_cancer_20_ionocyte	0.00533333333333333	0	0	0.00632911392405063	0	0	0	0	0	0.0101010101010101	0
target_cancer_23_ionocyte	0.00265957446808511	0	0	0	0	0	0	0	0	0.0101010101010101	0
target_cancer_5_ionocyte	0.00536193029490617	0	0	0.00641025641025641	0	0	0	0	0	0.0103092783505155	0
target_cancer_6_ionocyte	0.00277777777777778	0	0	0	0	0	0	0	0	0.0120481927710843	0
target_cancer_9_ionocyte	0.00552486187845304	0	0	0.00689655172413793	0	0	0	0	0	0.0116279069767442	0
target_cancer_16_ionocyte	0.00278551532033426	0	0	0	0	0	0	0	0	0.0121951219512195	0
target_cancer_3_ionocyte	0.00272479564032698	0	0	0	0	0	0	0	0	0.0111111111111111	0
target_cancer_4_ionocyte	0.00273224043715847	0	0	0	0	0	0	0	0	0.0112359550561798	0
target_cancer_7_ionocyte	0.00554016620498615	0	0	0.00694444444444444	0	0	0	0	0	0.0117647058823529	0
target_cancer_8_ionocyte	0.00285714285714286	0	0	0	0	0	0	0	0	0.0136986301369863	0
target_cancer_21_ionocyte	0.00284090909090909	0	0	0	0	0	0	0	0	0.0133333333333333	0
target_cancer_1_ionocyte	0.00284900284900285	0	0	0	0	0	0	0	0	0.0135135135135135	0
target_cancer_19_ionocyte	0.00579710144927536	0	0	0.0078125	0	0	0	0	0	0.0144927536231884	0
target_cancer_22_ionocyte	0.00280112044817927	0	0	0	0	0	0	0	0	0.0125	0
target_cancer_0_alveolar_type_1	0.00271739130434783	0	0	0	0	0	0	0	0	0.010989010989011	0
target_cancer_10_alveolar_type_1	0.0027027027027027	0	0	0	0	0	0	0	0	0.010752688172043	0
target_cancer_11_alveolar_type_1	0.00273972602739726	0	0	0	0	0	0	0	0	0.0113636363636364	0
target_cancer_12_alveolar_type_1	0.00276243093922652	0	0	0	0	0	0	0	0	0.0117647058823529	0
target_cancer_13_alveolar_type_1	0.00273224043715847	0	0	0	0	0	0	0	0	0.0112359550561798	0
target_cancer_14_alveolar_type_1	0.00272479564032698	0	0	0	0	0	0	0	0	0.0111111111111111	0
target_cancer_15_alveolar_type_1	0.00275482093663912	0	0	0	0	0	0	0	0	0.0116279069767442	0
target_cancer_16_alveolar_type_1	0.00280898876404494	0	0	0	0	0	0	0	0	0.0126582278481013	0
target_cancer_17_alveolar_type_1	0.00273224043715847	0	0	0	0	0	0	0	0	0.0112359550561798	0
target_cancer_18_alveolar_type_1	0.00273224043715847	0	0	0	0	0	0	0	0	0.0112359550561798	0
target_cancer_2_alveolar_type_1	0.00274725274725275	0	0	0	0	0	0	0	0	0.0114942528735632	0
target_cancer_20_alveolar_type_1	0.00265957446808511	0	0	0	0	0	0	0	0	0.0101010101010101	0
target_cancer_23_alveolar_type_1	0.0026525198938992	0	0	0	0	0	0	0	0	0.01	0
target_cancer_3_alveolar_type_1	0.00275482093663912	0	0	0	0	0	0	0	0	0.0116279069767442	0
target_cancer_4_alveolar_type_1	0.00274725274725275	0	0	0	0	0	0	0	0	0.0114942528735632	0
target_cancer_5_alveolar_type_1	0.002710027100271	0	0	0	0	0	0	0	0	0.0108695652173913	0
target_cancer_6_alveolar_type_1	0.00276243093922652	0	0	0	0	0	0	0	0	0.0117647058823529	0
target_cancer_7_alveolar_type_1	0.00276243093922652	0	0	0	0	0	0	0	0	0.0117647058823529	0
target_cancer_8_alveolar_type_1	0.00284090909090909	0	0	0	0	0	0	0	0	0.0133333333333333	0
target_cancer_9_alveolar_type_1	0.00277008310249307	0	0	0	0	0	0	0	0	0.0119047619047619	0
target_cancer_21_alveolar_type_1	0.0028328611898017	0	0	0	0	0	0	0	0	0.0131578947368421	0
target_cancer_1_alveolar_type_1	0.00284090909090909	0	0	0	0	0	0	0	0	0.0133333333333333	0
target_cancer_22_alveolar_type_1	0.00284090909090909	0	0	0	0	0	0	0	0	0.0133333333333333	0
target_cancer_19_alveolar_type_1	0.00291545189504373	0	0	0	0	0	0	0	0	0.0151515151515152	0
target_cancer_0_endothelial	0.00269541778975741	0	0	0	0	0	0	0	0	0.0106382978723404	0
target_cancer_10_endothelial	0.00264550264550265	0	0	0	0	0	0	0	0	0.0099009900990099	0
target_cancer_11_endothelial	0.00271739130434783	0	0	0	0	0	0	0	0	0.010989010989011	0
target_cancer_12_endothelial	0.0027027027027027	0	0	0	0	0	0	0	0	0.010752688172043	0
target_cancer_13_endothelial	0.00268096514745308	0	0	0	0	0	0	0	0	0.0104166666666667	0
target_cancer_14_endothelial	0.00267379679144385	0	0	0	0	0	0	0	0	0.0103092783505155	0
target_cancer_15_endothelial	0.0027027027027027	0	0	0	0	0	0	0	0	0.010752688172043	0
target_cancer_16_endothelial	0.00273972602739726	0	0	0	0	0	0	0	0	0.0113636363636364	0
target_cancer_17_endothelial	0.00267379679144385	0	0	0	0	0	0	0	0	0.0103092783505155	0
target_cancer_18_endothelial	0.00539083557951483	0	0	0.00649350649350649	0	0	0	0	0	0.0105263157894737	0
target_cancer_2_endothelial	0.00537634408602151	0	0	0.00645161290322581	0	0	0	0	0	0.0104166666666667	0
target_cancer_20_endothelial	0.00518134715025907	0	0	0.00591715976331361	0	0	0	0	0	0.00909090909090909	0
target_cancer_23_endothelial	0.0025974025974026	0	0	0	0.00970873786407767	0	0	0	0	0.00925925925925926	0
target_cancer_3_endothelial	0.00268817204301075	0	0	0	0	0	0	0	0	0.0105263157894737	0
target_cancer_4_endothelial	0.00268096514745308	0	0	0	0	0	0	0	0	0.0104166666666667	0
target_cancer_5_endothelial	0.00530503978779841	0	0	0.00625	0	0	0	0	0	0.0099009900990099	0
target_cancer_6_endothelial	0.00272479564032698	0	0	0	0	0	0	0	0	0.0111111111111111	0
target_cancer_7_endothelial	0.00543478260869565	0	0	0.00662251655629139	0	0	0	0	0	0.0108695652173913	0
target_cancer_8_endothelial	0.00282485875706215	0	0	0	0	0	0	0	0	0.012987012987013	0
target_cancer_9_endothelial	0.00552486187845304	0	0	0.00689655172413793	0	0	0	0	0	0.0116279069767442	0
target_cancer_21_endothelial	0.00277777777777778	0	0	0	0	0	0	0	0	0.0120481927710843	0
target_cancer_1_endothelial	0.0028169014084507	0	0	0	0	0	0	0	0	0.0128205128205128	0
target_cancer_19_endothelial	0.00579710144927536	0	0	0.0078125	0	0	0	0	0	0.0144927536231884	0
target_cancer_22_endothelial	0.00555555555555556	0	0	0.00699300699300699	0	0	0	0	0	0.0119047619047619	0
target_cancer_11_melanocytes	0.00276243093922652	0	0	0	0	0	0	0	0	0.0117647058823529	0
target_cancer_1_melanocytes	0.0028328611898017	0	0	0	0	0	0	0	0	0.0131578947368421	0
target_cancer_21_melanocytes	0.0028169014084507	0	0	0	0	0	0	0	0	0.0128205128205128	0
target_cancer_0_melanocytes	0.002710027100271	0	0	0	0	0	0	0	0	0.0108695652173913	0
target_cancer_10_melanocytes	0.00272479564032698	0	0	0	0	0	0	0	0	0.0111111111111111	0
target_cancer_12_melanocytes	0.00277008310249307	0	0	0	0	0	0	0	0	0.0119047619047619	0
target_cancer_13_melanocytes	0.00273224043715847	0	0	0	0	0	0	0	0	0.0112359550561798	0
target_cancer_14_melanocytes	0.00271739130434783	0	0	0	0	0	0	0	0	0.010989010989011	0
target_cancer_15_melanocytes	0.00276243093922652	0	0	0	0	0	0	0	0	0.0117647058823529	0
target_cancer_16_melanocytes	0.0028169014084507	0	0	0	0	0	0	0	0	0.0128205128205128	0
target_cancer_17_melanocytes	0.00274725274725275	0	0	0	0	0	0	0	0	0.0114942528735632	0
target_cancer_18_melanocytes	0.00546448087431694	0	0	0.00671140939597315	0	0	0	0	0	0.0111111111111111	0
target_cancer_19_melanocytes	0.00578034682080925	0	0	0.00775193798449612	0	0	0	0	0	0.0142857142857143	0
target_cancer_2_melanocytes	0.00549450549450549	0	0	0.00680272108843537	0	0	0	0	0	0.0113636363636364	0
target_cancer_20_melanocytes	0.00536193029490617	0	0	0.00641025641025641	0	0	0	0	0	0.0103092783505155	0
target_cancer_22_melanocytes	0.00563380281690141	0	0	0.0072463768115942	0	0	0	0	0	0.0126582278481013	0
target_cancer_23_melanocytes	0.00269541778975741	0	0	0	0	0	0	0	0	0.0106382978723404	0
target_cancer_3_melanocytes	0.00276243093922652	0	0	0	0	0	0	0	0	0.0117647058823529	0
target_cancer_4_melanocytes	0.00277008310249307	0	0	0	0	0	0	0	0	0.0119047619047619	0
target_cancer_5_melanocytes	0.00546448087431694	0	0	0.00671140939597315	0	0	0	0	0	0.0111111111111111	0
target_cancer_6_melanocytes	0.00278551532033426	0	0	0	0	0	0	0	0	0.0121951219512195	0
target_cancer_7_melanocytes	0.00549450549450549	0	0	0.00680272108843537	0	0	0	0	0	0.0113636363636364	0
target_cancer_9_melanocytes	0.00555555555555556	0	0	0.00699300699300699	0	0	0	0	0	0.0119047619047619	0
target_cancer_8_melanocytes	0.00285714285714286	0	0	0	0	0	0	0	0	0.0136986301369863	0
target_cancer_21_Neutrophils	0	0	0	0	0	0	0	0	0	0	0
target_cancer_0_Neutrophils	0.0028328611898017	0	0	0	0	0	0	0	0	0	0
target_cancer_10_Neutrophils	0.00286532951289398	0	0	0	0	0	0	0	0	0	0
target_cancer_11_Neutrophils	0.00289855072463768	0	0	0	0	0	0	0	0	0	0
target_cancer_13_Neutrophils	0.0028735632183908	0	0	0	0	0	0	0	0	0	0
target_cancer_14_Neutrophils	0.0028328611898017	0	0	0	0	0	0	0	0	0	0
target_cancer_18_Neutrophils	0.0028735632183908	0	0	0	0	0	0	0	0	0	0
target_cancer_2_Neutrophils	0.00286532951289398	0	0	0	0	0	0	0	0	0	0
target_cancer_20_Neutrophils	0.00284900284900285	0	0	0	0	0	0	0	0	0	0
target_cancer_23_Neutrophils	0.00284900284900285	0	0	0	0	0	0	0	0	0	0
target_cancer_6_Neutrophils	0.00289855072463768	0	0	0	0	0	0	0	0	0	0
target_cancer_8_Neutrophils	0.00291545189504373	0	0	0	0	0	0	0	0	0	0
target_cancer_9_Neutrophils	0.00286532951289398	0	0	0	0	0	0	0	0	0	0
target_cancer_12_Neutrophils	0.00290697674418605	0	0	0	0	0	0	0	0	0	0
target_cancer_15_Neutrophils	0.00288184438040346	0	0	0	0	0	0	0	0	0	0
target_cancer_16_Neutrophils	0.00292397660818713	0	0	0	0	0	0	0	0	0	0
target_cancer_17_Neutrophils	0.00293255131964809	0	0	0	0	0	0	0	0	0	0
target_cancer_3_Neutrophils	0.00291545189504373	0	0	0	0	0	0	0	0	0	0
target_cancer_4_Neutrophils	0.00292397660818713	0	0	0	0	0	0	0	0	0	0
target_cancer_5_Neutrophils	0.0028735632183908	0	0	0	0	0	0	0	0	0	0
target_cancer_7_Neutrophils	0.00292397660818713	0	0	0	0	0	0	0	0	0	0
target_cancer_1_Neutrophils	0	0	0	0	0	0	0	0	0	0	0
target_cancer_22_Neutrophils	0	0	0	0	0	0	0	0	0	0	0
target_cancer_19_Neutrophils	0	0	0	0	0	0	0	0	0	0	0
target_cancer_10_stroma	0.00277777777777778	0	0	0	0	0	0	0	0	0.0120481927710843	0
target_cancer_12_stroma	0.00282485875706215	0	0	0	0	0	0	0	0	0.012987012987013	0
target_cancer_13_stroma	0.00280112044817927	0	0	0	0	0	0	0	0	0.0125	0
target_cancer_15_stroma	0.00280898876404494	0	0	0	0	0	0	0	0	0.0126582278481013	0
target_cancer_16_stroma	0.00279329608938547	0	0	0	0	0	0	0	0	0.0123456790123457	0
target_cancer_17_stroma	0.00277008310249307	0	0	0	0	0	0	0	0	0.0119047619047619	0
target_cancer_18_stroma	0.00561797752808989	0	0	0.00719424460431655	0	0	0	0	0	0.0125	0
target_cancer_2_stroma	0.00555555555555556	0	0	0.00699300699300699	0	0	0	0	0	0.0119047619047619	0
target_cancer_20_stroma	0.00547945205479452	0	0	0.00675675675675676	0	0	0	0	0	0.0112359550561798	0
target_cancer_3_stroma	0.00277777777777778	0	0	0	0	0	0	0	0	0.0120481927710843	0
target_cancer_4_stroma	0.00277777777777778	0	0	0	0	0	0	0	0	0.0120481927710843	0
target_cancer_5_stroma	0.00552486187845304	0	0	0.00689655172413793	0	0	0	0	0	0.0116279069767442	0
target_cancer_7_stroma	0.00563380281690141	0	0	0.0072463768115942	0	0	0	0	0	0.0126582278481013	0
target_cancer_1_stroma	0.00282485875706215	0	0	0	0	0	0	0	0	0.012987012987013	0
target_cancer_0_stroma	0.00277777777777778	0	0	0	0	0	0	0	0	0.0120481927710843	0
target_cancer_11_stroma	0.00280112044817927	0	0	0	0	0	0	0	0	0.0125	0
target_cancer_14_stroma	0.00279329608938547	0	0	0	0	0	0	0	0	0.0123456790123457	0
target_cancer_22_stroma	0.0056657223796034	0	0	0.00735294117647059	0	0	0	0	0	0.012987012987013	0
target_cancer_23_stroma	0.00274725274725275	0	0	0	0	0	0	0	0	0.0114942528735632	0
target_cancer_6_stroma	0.0028328611898017	0	0	0	0	0	0	0	0	0.0131578947368421	0
target_cancer_8_stroma	0.0028735632183908	0	0	0	0	0	0	0	0	0.0140845070422535	0
target_cancer_9_stroma	0.00568181818181818	0	0	0.00740740740740741	0	0	0	0	0	0.0131578947368421	0
target_cancer_19_stroma	0.00588235294117647	0	0	0.00813008130081301	0	0	0	0	0	0.015625	0
target_cancer_21_stroma	0.00286532951289398	0	0	0	0	0	0	0	0	0.0138888888888889	0
target_cancer_0_neuro_e_cell	0.00284090909090909	0	0	0	0	0	0	0	0	0.0133333333333333	0
target_cancer_10_neuro_e_cell	0.00284090909090909	0	0	0	0	0	0	0	0	0.0133333333333333	0
target_cancer_11_neuro_e_cell	0.00286532951289398	0	0	0	0	0	0	0	0	0.0138888888888889	0
target_cancer_12_neuro_e_cell	0.00286532951289398	0	0	0	0	0	0	0	0	0.0138888888888889	0
target_cancer_13_neuro_e_cell	0.00284090909090909	0	0	0	0	0	0	0	0	0.0133333333333333	0
target_cancer_14_neuro_e_cell	0.00282485875706215	0	0	0	0	0	0	0	0	0.012987012987013	0
target_cancer_15_neuro_e_cell	0.00284900284900285	0	0	0	0	0	0	0	0	0.0135135135135135	0
target_cancer_16_neuro_e_cell	0.00284090909090909	0	0	0	0	0	0	0	0	0.0133333333333333	0
target_cancer_17_neuro_e_cell	0.0028169014084507	0	0	0	0	0	0	0	0	0.0128205128205128	0
target_cancer_18_neuro_e_cell	0.00564971751412429	0	0	0.0072992700729927	0	0	0	0	0	0.0128205128205128	0
target_cancer_2_neuro_e_cell	0.00568181818181818	0	0	0.00740740740740741	0	0	0	0	0	0.0131578947368421	0
target_cancer_20_neuro_e_cell	0.00560224089635854	0	0	0.00714285714285714	0	0	0	0	0	0.0123456790123457	0
target_cancer_22_neuro_e_cell	0.0056980056980057	0	0	0.00746268656716418	0	0	0	0	0	0.0133333333333333	0
target_cancer_23_neuro_e_cell	0.00282485875706215	0	0	0	0	0	0	0	0	0.012987012987013	0
target_cancer_3_neuro_e_cell	0.0028328611898017	0	0	0	0	0	0	0	0	0.0131578947368421	0
target_cancer_4_neuro_e_cell	0.0028328611898017	0	0	0	0	0	0	0	0	0.0131578947368421	0
target_cancer_5_neuro_e_cell	0.00564971751412429	0	0	0.0072992700729927	0	0	0	0	0	0.0128205128205128	0
target_cancer_6_neuro_e_cell	0.00285714285714286	0	0	0	0	0	0	0	0	0.0136986301369863	0
target_cancer_7_neuro_e_cell	0.0056980056980057	0	0	0.00746268656716418	0	0	0	0	0	0.0133333333333333	0
target_cancer_8_neuro_e_cell	0.00289855072463768	0	0	0	0	0	0	0	0	0.0147058823529412	0
target_cancer_9_neuro_e_cell	0.00571428571428571	0	0	0.0075187969924812	0	0	0	0	0	0.0135135135135135	0
target_cancer_19_neuro_e_cell	0.00583090379008746	0	0	0.00793650793650794	0	0	0	0	0	0.0149253731343284	0
target_cancer_1_neuro_e_cell	0.00289855072463768	0	0	0	0	0	0	0	0	0.0147058823529412	0
target_cancer_21_neuro_e_cell	0.00292397660818713	0	0	0	0	0	0	0	0	0.0153846153846154	0
source_cancer_16_cancer	0.00510204081632653	0.018018018018018	0	0.00571428571428571	0.00900900900900901	0.01	0	0.010752688172043	0	0.0173913043478261	0
source_cancer_17_cancer	0.00244498777506112	0.0078125	0	0	0.0078740157480315	0.00862068965517241	0	0.00917431192660551	0	0.00757575757575758	0
source_cancer_18_cancer	0	0	0	0	0.00704225352112676	0.00763358778625954	0	0	0	0.00680272108843537	0
source_cancer_23_cancer	0.00444444444444444	0.0118343195266272	0	0.00429184549356223	0.00591715976331361	0.00632911392405063	0	0.00662251655629139	0	0.0115606936416185	0
source_cancer_3_cancer	0.00491400491400491	0.0158730158730159	0	0.00526315789473684	0.00793650793650794	0.00869565217391304	0	0.00925925925925926	0	0.0153846153846154	0
source_cancer_4_cancer	0.0048780487804878	0.0155038759689922	0	0.00518134715025907	0.00775193798449612	0.00847457627118644	0	0.00900900900900901	0	0.0150375939849624	0
source_cancer_5_cancer	0.0023696682464455	0.00709219858156028	0	0.00490196078431373	0.00714285714285714	0.00775193798449612	0	0	0	0.0138888888888889	0
source_cancer_14_cancer	0.00229885057471264	0.00649350649350649	0	0.00460829493087558	0.0065359477124183	0.00704225352112676	0	0	0	0.0127388535031847	0
source_cancer_15_cancer	0.00244498777506112	0.0078125	0	0.00523560209424084	0.0078740157480315	0.00862068965517241	0	0	0	0.0152671755725191	0
source_cancer_2_cancer	0	0	0	0	0.00775193798449612	0.00847457627118644	0	0	0	0.00746268656716418	0
source_cancer_6_cancer	0	0	0	0	0.00793650793650794	0.00869565217391304	0	0	0	0.00763358778625954	0
source_cancer_9_cancer	0	0	0	0	0.00769230769230769	0.00840336134453781	0	0	0	0.00740740740740741	0
source_cancer_0_cancer	0.00467289719626168	0.0136054421768707	0	0.004739336492891	0.00680272108843537	0.00735294117647059	0	0.00775193798449612	0	0.0132450331125828	0
source_cancer_10_cancer	0.00468384074941452	0.0136986301369863	0	0.00476190476190476	0.00684931506849315	0.00740740740740741	0	0.0078125	0	0.0133333333333333	0
source_cancer_11_cancer	0.0048661800486618	0.0153846153846154	0	0.00515463917525773	0.00769230769230769	0.00840336134453781	0	0.00892857142857143	0	0.0149253731343284	0
source_cancer_12_cancer	0.00238095238095238	0.00719424460431655	0	0	0.0072463768115942	0.0078740157480315	0	0.00833333333333333	0	0.00699300699300699	0
source_cancer_20_cancer	0.00233100233100233	0.00675675675675676	0	0	0.00680272108843537	0.00735294117647059	0	0.00775193798449612	0	0.00657894736842105	0
source_cancer_19_cancer	0	0	0	0	0.0116279069767442	0.0133333333333333	0	0	0	0.010989010989011	0
source_cancer_22_cancer	0	0	0	0	0.00961538461538462	0.010752688172043	0	0	0	0.00917431192660551	0
source_cancer_1_cancer	0.00263157894736842	0.0101010101010101	0	0.00617283950617284	0.0102040816326531	0.0114942528735632	0	0	0	0.0196078431372549	0
source_cancer_13_cancer	0	0	0	0	0.00862068965517241	0.00952380952380952	0	0	0	0.00826446280991736	0
source_cancer_21_cancer	0.00516795865633075	0.0188679245283019	0	0.00588235294117647	0.00943396226415094	0.0105263157894737	0	0.0113636363636364	0	0.0181818181818182	0
source_cancer_7_cancer	0.00506329113924051	0.0175438596491228	0	0.00561797752808989	0.0087719298245614	0.00970873786407767	0	0.0104166666666667	0	0.0169491525423729	0
source_cancer_8_cancer	0	0	0	0	0.010752688172043	0.0121951219512195	0	0	0	0.0102040816326531	0
source_cancer_16_Dendritic	0.00539083557951483	0.0222222222222222	0	0.00649350649350649	0.0111111111111111	0.0126582278481013	0	0.0138888888888889	0	0.0212765957446809	0
source_cancer_17_Dendritic	0.00533333333333333	0.0212765957446809	0	0.00632911392405063	0.0106382978723404	0.0120481927710843	0	0.0131578947368421	0	0.0204081632653061	0
source_cancer_18_Dendritic	0	0	0	0	0.0108695652173913	0.0123456790123457	0	0	0	0.0103092783505155	0
source_cancer_3_Dendritic	0.00530503978779841	0.0208333333333333	0	0.00625	0.0104166666666667	0.0117647058823529	0	0.0128205128205128	0	0.02	0
source_cancer_4_Dendritic	0.00531914893617021	0.0210526315789474	0	0.00628930817610063	0.0105263157894737	0.0119047619047619	0	0.012987012987013	0	0.0202020202020202	0
source_cancer_5_Dendritic	0.00516795865633075	0.0188679245283019	0	0.00588235294117647	0.00943396226415094	0.0105263157894737	0	0.0113636363636364	0	0.0181818181818182	0
source_cancer_14_Dendritic	0.00520833333333333	0.0194174757281553	0	0.00598802395209581	0.00970873786407767	0.0108695652173913	0	0.0117647058823529	0	0.0186915887850467	0
source_cancer_15_Dendritic	0.005249343832021	0.02	0	0.00609756097560976	0.01	0.0112359550561798	0	0.0121951219512195	0	0.0192307692307692	0
source_cancer_2_Dendritic	0.00264550264550265	0.0103092783505155	0	0	0.0104166666666667	0.0117647058823529	0	0.0128205128205128	0	0.0099009900990099	0
source_cancer_6_Dendritic	0.00527704485488127	0.0204081632653061	0	0.00617283950617284	0.0102040816326531	0.0114942528735632	0	0.0125	0	0.0196078431372549	0
source_cancer_9_Dendritic	0.0026525198938992	0.0104166666666667	0	0	0.0105263157894737	0.0119047619047619	0	0.012987012987013	0	0.01	0
source_cancer_0_Dendritic	0.00527704485488127	0.0204081632653061	0	0.00617283950617284	0.0102040816326531	0.0114942528735632	0	0.0125	0	0.0196078431372549	0
source_cancer_1_Dendritic	0.00550964187327824	0.024390243902439	0	0.00684931506849315	0.0121951219512195	0.0140845070422535	0	0.015625	0	0.0232558139534884	0
source_cancer_10_Dendritic	0.00519480519480519	0.0192307692307692	0	0.00595238095238095	0.00961538461538462	0.010752688172043	0	0.0116279069767442	0	0.0185185185185185	0
source_cancer_11_Dendritic	0.00523560209424084	0.0198019801980198	0	0.00606060606060606	0.0099009900990099	0.0111111111111111	0	0.0120481927710843	0	0.019047619047619	0
source_cancer_12_Dendritic	0.00520833333333333	0.0194174757281553	0	0.00598802395209581	0.00970873786407767	0.0108695652173913	0	0.0117647058823529	0	0.0186915887850467	0
source_cancer_13_Dendritic	0.0053475935828877	0.021505376344086	0	0.00636942675159236	0.010752688172043	0.0121951219512195	0	0.0133333333333333	0	0.0206185567010309	0
source_cancer_20_Dendritic	0.00520833333333333	0.0194174757281553	0	0.00598802395209581	0.00970873786407767	0.0108695652173913	0	0.0117647058823529	0	0.0186915887850467	0
source_cancer_21_Dendritic	0.00547945205479452	0.0238095238095238	0	0.00675675675675676	0.0119047619047619	0.0136986301369863	0	0.0151515151515152	0	0.0227272727272727	0
source_cancer_7_Dendritic	0.00542005420054201	0.0227272727272727	0	0.00657894736842105	0.0113636363636364	0.012987012987013	0	0.0142857142857143	0	0.0217391304347826	0
source_cancer_8_Dendritic	0.00271739130434783	0.0114942528735632	0	0	0.0116279069767442	0.0133333333333333	0	0.0147058823529412	0	0.010989010989011	0
source_cancer_19_Dendritic	0.00571428571428571	0.0289855072463768	0	0.0075187969924812	0.0144927536231884	0.0172413793103448	0	0.0196078431372549	0	0.0273972602739726	0
source_cancer_23_Dendritic	0.0051150895140665	0.0181818181818182	0	0.00574712643678161	0.00909090909090909	0.0101010101010101	0	0.0108695652173913	0	0.0175438596491228	0
source_cancer_22_Dendritic	0.00277777777777778	0.0126582278481013	0	0	0.0128205128205128	0.0149253731343284	0	0.0166666666666667	0	0.0120481927710843	0
source_cancer_16_fibroblast	0	0	0	0	0.0131578947368421	0.0153846153846154	0	0	0	0.0123456790123457	0
source_cancer_17_fibroblast	0	0	0	0	0.0117647058823529	0.0135135135135135	0	0	0	0.0111111111111111	0
source_cancer_18_fibroblast	0	0	0	0	0.0102040816326531	0.0114942528735632	0	0	0	0.00970873786407767	0
source_cancer_23_fibroblast	0	0	0	0	0.00980392156862745	0.010989010989011	0	0	0	0.00934579439252336	0
source_cancer_3_fibroblast	0	0	0	0	0.0114942528735632	0.0131578947368421	0	0	0	0.0108695652173913	0
source_cancer_4_fibroblast	0	0	0	0	0.0114942528735632	0.0131578947368421	0	0	0	0.0108695652173913	0
source_cancer_5_fibroblast	0	0	0	0	0.0104166666666667	0.0117647058823529	0	0	0	0.0099009900990099	0
source_cancer_14_fibroblast	0	0	0	0	0.0102040816326531	0.0114942528735632	0	0	0	0.00970873786407767	0
source_cancer_15_fibroblast	0	0	0	0	0.0113636363636364	0.012987012987013	0	0	0	0.010752688172043	0
source_cancer_2_fibroblast	0	0	0	0	0.0108695652173913	0.0123456790123457	0	0	0	0.0103092783505155	0
source_cancer_6_fibroblast	0	0	0	0	0.0113636363636364	0.012987012987013	0	0	0	0.010752688172043	0
source_cancer_9_fibroblast	0	0	0	0	0.0111111111111111	0.0126582278481013	0	0	0	0.0105263157894737	0
source_cancer_22_fibroblast	0	0	0	0	0.0131578947368421	0.0153846153846154	0	0	0	0.0123456790123457	0
source_cancer_0_fibroblast	0	0	0	0	0.0102040816326531	0.0114942528735632	0	0	0	0.00970873786407767	0
source_cancer_1_fibroblast	0	0	0	0	0.0136986301369863	0.0161290322580645	0	0	0	0.0128205128205128	0
source_cancer_10_fibroblast	0	0	0	0	0.00980392156862745	0.010989010989011	0	0	0	0.00934579439252336	0
source_cancer_11_fibroblast	0	0	0	0	0.0101010101010101	0.0113636363636364	0	0	0	0.00961538461538462	0
source_cancer_12_fibroblast	0	0	0	0	0.0112359550561798	0.0128205128205128	0	0	0	0.0106382978723404	0
source_cancer_13_fibroblast	0	0	0	0	0.0117647058823529	0.0135135135135135	0	0	0	0.0111111111111111	0
source_cancer_20_fibroblast	0	0	0	0	0.0105263157894737	0.0119047619047619	0	0	0	0.01	0
source_cancer_21_fibroblast	0	0	0	0	0.0138888888888889	0.0163934426229508	0	0	0	0.012987012987013	0
source_cancer_7_fibroblast	0	0	0	0	0.0119047619047619	0.0136986301369863	0	0	0	0.0112359550561798	0
source_cancer_8_fibroblast	0	0	0	0	0.0136986301369863	0.0161290322580645	0	0	0	0.0128205128205128	0
source_cancer_19_fibroblast	0	0	0	0	0.0147058823529412	0.0175438596491228	0	0	0	0.0136986301369863	0
source_cancer_16_MF-Monocytes	0.00540540540540541	0.0224719101123595	0	0.0065359477124183	0.0112359550561798	0.0128205128205128	0	0.0140845070422535	0	0.021505376344086	0
source_cancer_17_MF-Monocytes	0.00537634408602151	0.021978021978022	0	0.00645161290322581	0.010989010989011	0.0125	0	0.0136986301369863	0	0.0210526315789474	0
source_cancer_18_MF-Monocytes	0	0	0	0	0.010752688172043	0.0121951219512195	0	0	0	0.0102040816326531	0
source_cancer_23_MF-Monocytes	0.0051150895140665	0.0181818181818182	0	0.00574712643678161	0.00909090909090909	0.0101010101010101	0	0.0108695652173913	0	0.0175438596491228	0
source_cancer_3_MF-Monocytes	0.00539083557951483	0.0222222222222222	0	0.00649350649350649	0.0111111111111111	0.0126582278481013	0	0.0138888888888889	0	0.0212765957446809	0
source_cancer_4_MF-Monocytes	0.00537634408602151	0.021978021978022	0	0.00645161290322581	0.010989010989011	0.0125	0	0.0136986301369863	0	0.0210526315789474	0
source_cancer_5_MF-Monocytes	0.00518134715025907	0.019047619047619	0	0.00591715976331361	0.00952380952380952	0.0106382978723404	0	0.0114942528735632	0	0.018348623853211	0
source_cancer_14_MF-Monocytes	0.00520833333333333	0.0194174757281553	0	0.00598802395209581	0.00970873786407767	0.0108695652173913	0	0.0117647058823529	0	0.0186915887850467	0
source_cancer_15_MF-Monocytes	0.00526315789473684	0.0202020202020202	0	0.00613496932515337	0.0101010101010101	0.0113636363636364	0	0.0123456790123457	0	0.0194174757281553	0
source_cancer_2_MF-Monocytes	0.00263852242744063	0.0102040816326531	0	0	0.0103092783505155	0.0116279069767442	0	0.0126582278481013	0	0.00980392156862745	0
source_cancer_6_MF-Monocytes	0.00530503978779841	0.0208333333333333	0	0.00625	0.0104166666666667	0.0117647058823529	0	0.0128205128205128	0	0.02	0
source_cancer_9_MF-Monocytes	0.00263852242744063	0.0102040816326531	0	0	0.0103092783505155	0.0116279069767442	0	0.0126582278481013	0	0.00980392156862745	0
source_cancer_0_MF-Monocytes	0.00527704485488127	0.0204081632653061	0	0.00617283950617284	0.0102040816326531	0.0114942528735632	0	0.0125	0	0.0196078431372549	0
source_cancer_1_MF-Monocytes	0.00552486187845304	0.0246913580246914	0	0.00689655172413793	0.0123456790123457	0.0142857142857143	0	0.0158730158730159	0	0.0235294117647059	0
source_cancer_10_MF-Monocytes	0.00520833333333333	0.0194174757281553	0	0.00598802395209581	0.00970873786407767	0.0108695652173913	0	0.0117647058823529	0	0.0186915887850467	0
source_cancer_11_MF-Monocytes	0.00522193211488251	0.0196078431372549	0	0.00602409638554217	0.00980392156862745	0.010989010989011	0	0.0119047619047619	0	0.0188679245283019	0
source_cancer_12_MF-Monocytes	0.00520833333333333	0.0194174757281553	0	0.00598802395209581	0.00970873786407767	0.0108695652173913	0	0.0117647058823529	0	0.0186915887850467	0
source_cancer_13_MF-Monocytes	0.0053475935828877	0.021505376344086	0	0.00636942675159236	0.010752688172043	0.0121951219512195	0	0.0133333333333333	0	0.0206185567010309	0
source_cancer_20_MF-Monocytes	0.00518134715025907	0.019047619047619	0	0.00591715976331361	0.00952380952380952	0.0106382978723404	0	0.0114942528735632	0	0.018348623853211	0
source_cancer_21_MF-Monocytes	0.00549450549450549	0.0240963855421687	0	0.00680272108843537	0.0120481927710843	0.0138888888888889	0	0.0153846153846154	0	0.0229885057471264	0
source_cancer_7_MF-Monocytes	0.00539083557951483	0.0222222222222222	0	0.00649350649350649	0.0111111111111111	0.0126582278481013	0	0.0138888888888889	0	0.0212765957446809	0
source_cancer_8_MF-Monocytes	0.00269541778975741	0.0111111111111111	0	0	0.0112359550561798	0.0128205128205128	0	0.0140845070422535	0	0.0106382978723404	0
source_cancer_19_MF-Monocytes	0.00574712643678161	0.0298507462686567	0	0.00763358778625954	0.0149253731343284	0.0178571428571429	0	0.0204081632653061	0	0.028169014084507	0
source_cancer_22_MF-Monocytes	0.00278551532033426	0.0128205128205128	0	0	0.012987012987013	0.0151515151515152	0	0.0169491525423729	0	0.0121951219512195	0
source_cancer_16_pDCs	0.00543478260869565	0.0229885057471264	0	0.00662251655629139	0.0114942528735632	0.0131578947368421	0	0.0144927536231884	0	0.021978021978022	0
source_cancer_17_pDCs	0.00537634408602151	0.021978021978022	0	0.00645161290322581	0.010989010989011	0.0125	0	0.0136986301369863	0	0.0210526315789474	0
source_cancer_18_pDCs	0	0	0	0	0.0116279069767442	0.0133333333333333	0	0	0	0.010989010989011	0
source_cancer_3_pDCs	0.00537634408602151	0.021978021978022	0	0.00645161290322581	0.010989010989011	0.0125	0	0.0136986301369863	0	0.0210526315789474	0
source_cancer_4_pDCs	0.00536193029490617	0.0217391304347826	0	0.00641025641025641	0.0108695652173913	0.0123456790123457	0	0.0135135135135135	0	0.0208333333333333	0
source_cancer_5_pDCs	0.00533333333333333	0.0212765957446809	0	0.00632911392405063	0.0106382978723404	0.0120481927710843	0	0.0131578947368421	0	0.0204081632653061	0
source_cancer_14_pDCs	0.00526315789473684	0.0202020202020202	0	0.00613496932515337	0.0101010101010101	0.0113636363636364	0	0.0123456790123457	0	0.0194174757281553	0
source_cancer_15_pDCs	0.00544959128065395	0.0232558139534884	0	0.00666666666666667	0.0116279069767442	0.0133333333333333	0	0.0147058823529412	0	0.0222222222222222	0
source_cancer_2_pDCs	0.00267379679144385	0.010752688172043	0	0	0.0108695652173913	0.0123456790123457	0	0.0135135135135135	0	0.0103092783505155	0
source_cancer_6_pDCs	0.00543478260869565	0.0229885057471264	0	0.00662251655629139	0.0114942528735632	0.0131578947368421	0	0.0144927536231884	0	0.021978021978022	0
source_cancer_9_pDCs	0.00269541778975741	0.0111111111111111	0	0	0.0112359550561798	0.0128205128205128	0	0.0140845070422535	0	0.0106382978723404	0
source_cancer_0_pDCs	0.005249343832021	0.02	0	0.00609756097560976	0.01	0.0112359550561798	0	0.0121951219512195	0	0.0192307692307692	0
source_cancer_1_pDCs	0.00555555555555556	0.0253164556962025	0	0.00699300699300699	0.0126582278481013	0.0147058823529412	0	0.0163934426229508	0	0.0240963855421687	0
source_cancer_10_pDCs	0.00531914893617021	0.0210526315789474	0	0.00628930817610063	0.0105263157894737	0.0119047619047619	0	0.012987012987013	0	0.0202020202020202	0
source_cancer_11_pDCs	0.0053475935828877	0.021505376344086	0	0.00636942675159236	0.010752688172043	0.0121951219512195	0	0.0133333333333333	0	0.0206185567010309	0
source_cancer_12_pDCs	0.00527704485488127	0.0204081632653061	0	0.00617283950617284	0.0102040816326531	0.0114942528735632	0	0.0125	0	0.0196078431372549	0
source_cancer_13_pDCs	0.00546448087431694	0.0235294117647059	0	0.00671140939597315	0.0117647058823529	0.0135135135135135	0	0.0149253731343284	0	0.0224719101123595	0
source_cancer_20_pDCs	0.00539083557951483	0.0222222222222222	0	0.00649350649350649	0.0111111111111111	0.0126582278481013	0	0.0138888888888889	0	0.0212765957446809	0
source_cancer_21_pDCs	0.00557103064066852	0.0256410256410256	0	0.00704225352112676	0.0128205128205128	0.0149253731343284	0	0.0166666666666667	0	0.024390243902439	0
source_cancer_22_pDCs	0.0028169014084507	0.0135135135135135	0	0	0	0	0	0.0181818181818182	0	0	0
source_cancer_7_pDCs	0.00547945205479452	0.0238095238095238	0	0.00675675675675676	0.0119047619047619	0.0136986301369863	0	0.0151515151515152	0	0.0227272727272727	0
source_cancer_8_pDCs	0.00277008310249307	0.0125	0	0	0	0	0	0.0163934426229508	0	0	0
source_cancer_19_pDCs	0.00576368876080692	0.0303030303030303	0	0.00769230769230769	0.0151515151515152	0.0181818181818182	0	0.0208333333333333	0	0.0285714285714286	0
source_cancer_23_pDCs	0.00522193211488251	0.0196078431372549	0	0.00602409638554217	0.00980392156862745	0.010989010989011	0	0.0119047619047619	0	0.0188679245283019	0
source_cancer_0_club cell	0	0	0	0	0.00943396226415094	0.0105263157894737	0	0	0	0.00900900900900901	0
source_cancer_10_club cell	0	0	0	0	0.00961538461538462	0.010752688172043	0	0	0	0.00917431192660551	0
source_cancer_11_club cell	0	0	0	0	0.0104166666666667	0.0117647058823529	0	0	0	0.0099009900990099	0
source_cancer_12_club cell	0	0	0	0	0.00970873786407767	0.0108695652173913	0	0	0	0.00925925925925926	0
source_cancer_14_club cell	0	0	0	0	0.00909090909090909	0.0101010101010101	0	0	0	0.00869565217391304	0
source_cancer_16_club cell	0	0	0	0	0.0117647058823529	0.0135135135135135	0	0	0	0.0111111111111111	0
source_cancer_18_club cell	0	0	0	0	0.00884955752212389	0.00980392156862745	0	0	0	0.00847457627118644	0
source_cancer_23_club cell	0	0	0	0	0.0087719298245614	0.00970873786407767	0	0	0	0.00840336134453781	0
source_cancer_5_club cell	0	0	0	0	0.00952380952380952	0.0106382978723404	0	0	0	0.00909090909090909	0
source_cancer_9_club cell	0	0	0	0	0.0104166666666667	0.0117647058823529	0	0	0	0.0099009900990099	0
source_cancer_2_club cell	0	0	0	0	0.0105263157894737	0.0119047619047619	0	0	0	0.01	0
source_cancer_20_club cell	0	0	0	0	0.00943396226415094	0.0105263157894737	0	0	0	0.00900900900900901	0
source_cancer_6_club cell	0	0	0	0	0.0105263157894737	0.0119047619047619	0	0	0	0.01	0
source_cancer_19_club cell	0	0	0	0	0.0128205128205128	0.0149253731343284	0	0	0	0.0120481927710843	0
source_cancer_17_club cell	0	0	0	0	0.0108695652173913	0.0123456790123457	0	0	0	0.0103092783505155	0
source_cancer_22_club cell	0	0	0	0	0.0117647058823529	0.0135135135135135	0	0	0	0.0111111111111111	0
source_cancer_3_club cell	0	0	0	0	0.010752688172043	0.0121951219512195	0	0	0	0.0102040816326531	0
source_cancer_4_club cell	0	0	0	0	0.0108695652173913	0.0123456790123457	0	0	0	0.0103092783505155	0
source_cancer_1_club cell	0	0	0	0	0.0138888888888889	0.0163934426229508	0	0	0	0.012987012987013	0
source_cancer_13_club cell	0	0	0	0	0.0108695652173913	0.0123456790123457	0	0	0	0.0103092783505155	0
source_cancer_21_club cell	0	0	0	0	0.0131578947368421	0.0153846153846154	0	0	0	0.0123456790123457	0
source_cancer_7_club cell	0	0	0	0	0.0116279069767442	0.0133333333333333	0	0	0	0.010989010989011	0
source_cancer_8_club cell	0	0	0	0	0.0126582278481013	0.0147058823529412	0	0	0	0.0119047619047619	0
source_cancer_15_club cell	0	0	0	0	0.0111111111111111	0.0126582278481013	0	0	0	0.0105263157894737	0
source_cancer_0_alveolar_type_1	0	0	0	0	0.0108695652173913	0.0123456790123457	0	0	0	0.0103092783505155	0
source_cancer_1_alveolar_type_1	0	0	0	0	0.0149253731343284	0.0178571428571429	0	0	0	0.0138888888888889	0
source_cancer_10_alveolar_type_1	0	0	0	0	0.0108695652173913	0.0123456790123457	0	0	0	0.0103092783505155	0
source_cancer_11_alveolar_type_1	0	0	0	0	0.0112359550561798	0.0128205128205128	0	0	0	0.0106382978723404	0
source_cancer_12_alveolar_type_1	0	0	0	0	0.0111111111111111	0.0126582278481013	0	0	0	0.0105263157894737	0
source_cancer_13_alveolar_type_1	0	0	0	0	0.0119047619047619	0.0136986301369863	0	0	0	0.0112359550561798	0
source_cancer_14_alveolar_type_1	0	0	0	0	0.0104166666666667	0.0117647058823529	0	0	0	0.0099009900990099	0
source_cancer_16_alveolar_type_1	0	0	0	0	0.0133333333333333	0.015625	0	0	0	0.0125	0
source_cancer_17_alveolar_type_1	0	0	0	0	0.0121951219512195	0.0140845070422535	0	0	0	0.0114942528735632	0
source_cancer_18_alveolar_type_1	0	0	0	0	0.0103092783505155	0.0116279069767442	0	0	0	0.00980392156862745	0
source_cancer_2_alveolar_type_1	0	0	0	0	0.0116279069767442	0.0133333333333333	0	0	0	0.010989010989011	0
source_cancer_20_alveolar_type_1	0	0	0	0	0.0103092783505155	0.0116279069767442	0	0	0	0.00980392156862745	0
source_cancer_21_alveolar_type_1	0	0	0	0	0.0142857142857143	0.0169491525423729	0	0	0	0.0133333333333333	0
source_cancer_22_alveolar_type_1	0	0	0	0	0.0128205128205128	0.0149253731343284	0	0	0	0.0120481927710843	0
source_cancer_3_alveolar_type_1	0	0	0	0	0.0123456790123457	0.0142857142857143	0	0	0	0.0116279069767442	0
source_cancer_4_alveolar_type_1	0	0	0	0	0.0120481927710843	0.0138888888888889	0	0	0	0.0113636363636364	0
source_cancer_5_alveolar_type_1	0	0	0	0	0.0108695652173913	0.0123456790123457	0	0	0	0.0103092783505155	0
source_cancer_6_alveolar_type_1	0	0	0	0	0.0112359550561798	0.0128205128205128	0	0	0	0.0106382978723404	0
source_cancer_7_alveolar_type_1	0	0	0	0	0.0121951219512195	0.0140845070422535	0	0	0	0.0114942528735632	0
source_cancer_8_alveolar_type_1	0	0	0	0	0.0133333333333333	0.015625	0	0	0	0.0125	0
source_cancer_9_alveolar_type_1	0	0	0	0	0.0113636363636364	0.012987012987013	0	0	0	0.010752688172043	0
source_cancer_23_alveolar_type_1	0	0	0	0	0.0103092783505155	0.0116279069767442	0	0	0	0.00980392156862745	0
source_cancer_15_alveolar_type_1	0	0	0	0	0.0117647058823529	0.0135135135135135	0	0	0	0.0111111111111111	0
source_cancer_19_alveolar_type_1	0	0	0	0	0.0142857142857143	0.0169491525423729	0	0	0	0.0133333333333333	0
source_cancer_0_alveolar_type_2	0	0	0	0	0.00952380952380952	0.0106382978723404	0	0	0	0.00909090909090909	0
source_cancer_1_alveolar_type_2	0	0	0	0	0.0147058823529412	0.0175438596491228	0	0	0	0.0136986301369863	0
source_cancer_10_alveolar_type_2	0	0	0	0	0.0101010101010101	0.0113636363636364	0	0	0	0.00961538461538462	0
source_cancer_11_alveolar_type_2	0	0	0	0	0.0112359550561798	0.0128205128205128	0	0	0	0.0106382978723404	0
source_cancer_12_alveolar_type_2	0	0	0	0	0.0102040816326531	0.0114942528735632	0	0	0	0.00970873786407767	0
source_cancer_13_alveolar_type_2	0	0	0	0	0.0112359550561798	0.0128205128205128	0	0	0	0.0106382978723404	0
source_cancer_14_alveolar_type_2	0	0	0	0	0.00917431192660551	0.0102040816326531	0	0	0	0.0087719298245614	0
source_cancer_16_alveolar_type_2	0	0	0	0	0.0125	0.0144927536231884	0	0	0	0.0117647058823529	0
source_cancer_17_alveolar_type_2	0	0	0	0	0.0114942528735632	0.0131578947368421	0	0	0	0.0108695652173913	0
source_cancer_18_alveolar_type_2	0	0	0	0	0.00961538461538462	0.010752688172043	0	0	0	0.00917431192660551	0
source_cancer_2_alveolar_type_2	0	0	0	0	0.0108695652173913	0.0123456790123457	0	0	0	0.0103092783505155	0
source_cancer_20_alveolar_type_2	0	0	0	0	0.0101010101010101	0.0113636363636364	0	0	0	0.00961538461538462	0
source_cancer_21_alveolar_type_2	0	0	0	0	0.0136986301369863	0.0161290322580645	0	0	0	0.0128205128205128	0
source_cancer_3_alveolar_type_2	0	0	0	0	0.0114942528735632	0.0131578947368421	0	0	0	0.0108695652173913	0
source_cancer_4_alveolar_type_2	0	0	0	0	0.0112359550561798	0.0128205128205128	0	0	0	0.0106382978723404	0
source_cancer_5_alveolar_type_2	0	0	0	0	0.01	0.0112359550561798	0	0	0	0.00952380952380952	0
source_cancer_6_alveolar_type_2	0	0	0	0	0.0112359550561798	0.0128205128205128	0	0	0	0.0106382978723404	0
source_cancer_7_alveolar_type_2	0	0	0	0	0.0119047619047619	0.0136986301369863	0	0	0	0.0112359550561798	0
source_cancer_8_alveolar_type_2	0	0	0	0	0.0135135135135135	0.0158730158730159	0	0	0	0.0126582278481013	0
source_cancer_9_alveolar_type_2	0	0	0	0	0.0108695652173913	0.0123456790123457	0	0	0	0.0103092783505155	0
source_cancer_23_alveolar_type_2	0	0	0	0	0.00909090909090909	0.0101010101010101	0	0	0	0.00869565217391304	0
source_cancer_22_alveolar_type_2	0	0	0	0	0.012987012987013	0.0151515151515152	0	0	0	0.0121951219512195	0
source_cancer_15_alveolar_type_2	0	0	0	0	0.0111111111111111	0.0126582278481013	0	0	0	0.0105263157894737	0
source_cancer_19_alveolar_type_2	0	0	0	0	0.0138888888888889	0.0163934426229508	0	0	0	0.012987012987013	0
source_cancer_0_B-cells-M	0	0	0	0	0.0136986301369863	0.0161290322580645	0	0	0	0.0128205128205128	0
source_cancer_1_B-cells-M	0	0	0	0	0.015625	0.0188679245283019	0	0	0	0.0144927536231884	0
source_cancer_10_B-cells-M	0	0	0	0	0.0140845070422535	0.0166666666666667	0	0	0	0.0131578947368421	0
source_cancer_11_B-cells-M	0	0	0	0	0.0138888888888889	0.0163934426229508	0	0	0	0.012987012987013	0
source_cancer_12_B-cells-M	0	0	0	0	0.0135135135135135	0.0158730158730159	0	0	0	0.0126582278481013	0
source_cancer_13_B-cells-M	0	0	0	0	0.0149253731343284	0.0178571428571429	0	0	0	0.0138888888888889	0
source_cancer_14_B-cells-M	0	0	0	0	0.0135135135135135	0.0158730158730159	0	0	0	0.0126582278481013	0
source_cancer_16_B-cells-M	0	0	0	0	0.0158730158730159	0.0192307692307692	0	0	0	0.0147058823529412	0
source_cancer_18_B-cells-M	0	0	0	0	0.0140845070422535	0.0166666666666667	0	0	0	0.0131578947368421	0
source_cancer_2_B-cells-M	0	0	0	0	0.0136986301369863	0.0161290322580645	0	0	0	0.0128205128205128	0
source_cancer_20_B-cells-M	0	0	0	0	0.0142857142857143	0.0169491525423729	0	0	0	0.0133333333333333	0
source_cancer_21_B-cells-M	0	0	0	0	0.015625	0.0188679245283019	0	0	0	0.0144927536231884	0
source_cancer_3_B-cells-M	0	0	0	0	0.0142857142857143	0.0169491525423729	0	0	0	0.0133333333333333	0
source_cancer_4_B-cells-M	0	0	0	0	0.0142857142857143	0.0169491525423729	0	0	0	0.0133333333333333	0
source_cancer_5_B-cells-M	0	0	0	0	0.0136986301369863	0.0161290322580645	0	0	0	0.0128205128205128	0
source_cancer_6_B-cells-M	0	0	0	0	0.0140845070422535	0.0166666666666667	0	0	0	0.0131578947368421	0
source_cancer_7_B-cells-M	0	0	0	0	0.0144927536231884	0.0172413793103448	0	0	0	0.0135135135135135	0
source_cancer_8_B-cells-M	0	0	0	0	0	0	0	0	0	0	0
source_cancer_9_B-cells-M	0	0	0	0	0.0140845070422535	0.0166666666666667	0	0	0	0.0131578947368421	0
source_cancer_17_B-cells-M	0	0	0	0	0.0153846153846154	0.0185185185185185	0	0	0	0.0142857142857143	0
source_cancer_22_B-cells-M	0	0	0	0	0	0	0	0	0	0	0
source_cancer_15_B-cells-M	0	0	0	0	0.0142857142857143	0.0169491525423729	0	0	0	0.0133333333333333	0
source_cancer_23_B-cells-M	0	0	0	0	0.0133333333333333	0.015625	0	0	0	0.0125	0
source_cancer_19_B-cells-M	0	0	0	0	0.0166666666666667	0.0204081632653061	0	0	0	0.0153846153846154	0
source_cancer_0_endothelial	0	0	0	0	0.0101010101010101	0.0113636363636364	0	0	0	0.00961538461538462	0
source_cancer_1_endothelial	0	0	0	0	0.0142857142857143	0.0169491525423729	0	0	0	0.0133333333333333	0
source_cancer_10_endothelial	0	0	0	0	0.0105263157894737	0.0119047619047619	0	0	0	0.01	0
source_cancer_11_endothelial	0	0	0	0	0.0113636363636364	0.012987012987013	0	0	0	0.010752688172043	0
source_cancer_12_endothelial	0	0	0	0	0.0101010101010101	0.0113636363636364	0	0	0	0.00961538461538462	0
source_cancer_13_endothelial	0	0	0	0	0.0114942528735632	0.0131578947368421	0	0	0	0.0108695652173913	0
source_cancer_14_endothelial	0	0	0	0	0.00970873786407767	0.0108695652173913	0	0	0	0.00925925925925926	0
source_cancer_16_endothelial	0	0	0	0	0.0121951219512195	0.0140845070422535	0	0	0	0.0114942528735632	0
source_cancer_17_endothelial	0	0	0	0	0.010989010989011	0.0125	0	0	0	0.0104166666666667	0
source_cancer_18_endothelial	0	0	0	0	0.01	0.0112359550561798	0	0	0	0.00952380952380952	0
source_cancer_2_endothelial	0	0	0	0	0.0108695652173913	0.0123456790123457	0	0	0	0.0103092783505155	0
source_cancer_20_endothelial	0	0	0	0	0.0102040816326531	0.0114942528735632	0	0	0	0.00970873786407767	0
source_cancer_21_endothelial	0	0	0	0	0.0131578947368421	0.0153846153846154	0	0	0	0.0123456790123457	0
source_cancer_22_endothelial	0	0	0	0	0.0123456790123457	0.0142857142857143	0	0	0	0.0116279069767442	0
source_cancer_3_endothelial	0	0	0	0	0.0111111111111111	0.0126582278481013	0	0	0	0.0105263157894737	0
source_cancer_4_endothelial	0	0	0	0	0.0108695652173913	0.0123456790123457	0	0	0	0.0103092783505155	0
source_cancer_5_endothelial	0	0	0	0	0.0106382978723404	0.0120481927710843	0	0	0	0.0101010101010101	0
source_cancer_6_endothelial	0	0	0	0	0.0117647058823529	0.0135135135135135	0	0	0	0.0111111111111111	0
source_cancer_7_endothelial	0	0	0	0	0.0120481927710843	0.0138888888888889	0	0	0	0.0113636363636364	0
source_cancer_8_endothelial	0	0	0	0	0.0133333333333333	0.015625	0	0	0	0.0125	0
source_cancer_9_endothelial	0	0	0	0	0.010989010989011	0.0125	0	0	0	0.0104166666666667	0
source_cancer_23_endothelial	0	0	0	0	0.00892857142857143	0.0099009900990099	0	0	0	0.00854700854700855	0
source_cancer_15_endothelial	0	0	0	0	0.0114942528735632	0.0131578947368421	0	0	0	0.0108695652173913	0
source_cancer_19_endothelial	0	0	0	0	0.0138888888888889	0.0163934426229508	0	0	0	0.012987012987013	0
source_cancer_0_T-cells	0.0160857908847185	0.0652173913043478	0.025	0.032051282051282	0.0319148936170213	0.0117647058823529	0.0202702702702703	0.0128205128205128	0	0.0408163265306122	0.0344827586206897
source_cancer_1_T-cells	0.0167597765363128	0.0779220779220779	0.0307692307692308	0.0354609929078014	0.0379746835443038	0.0142857142857143	0.0225563909774436	0.0158730158730159	0	0.0481927710843374	0.0416666666666667
source_cancer_10_T-cells	0.0161725067385445	0.0666666666666667	0.0256410256410256	0.0324675324675325	0.0326086956521739	0.0120481927710843	0.0205479452054795	0.0131578947368421	0	0.0416666666666667	0.0352941176470588
source_cancer_11_T-cells	0.0161290322580645	0.0659340659340659	0.0253164556962025	0.032258064516129	0.032258064516129	0.0119047619047619	0.0204081632653061	0.012987012987013	0	0.0412371134020619	0.0348837209302326
source_cancer_12_T-cells	0.016260162601626	0.0681818181818182	0.0263157894736842	0.0328947368421053	0.0333333333333333	0.0123456790123457	0.0208333333333333	0.0135135135135135	0	0.0425531914893617	0.036144578313253
source_cancer_13_T-cells	0.0165289256198347	0.0731707317073171	0.0285714285714286	0.0342465753424658	0.0357142857142857	0.0133333333333333	0.0217391304347826	0.0147058823529412	0	0.0454545454545455	0.038961038961039
source_cancer_14_T-cells	0.0163487738419619	0.0697674418604651	0.027027027027027	0.0333333333333333	0.0340909090909091	0.0126582278481013	0.0211267605633803	0.0138888888888889	0	0.0434782608695652	0.037037037037037
source_cancer_16_T-cells	0.0166666666666667	0.0759493670886076	0.0298507462686567	0.034965034965035	0.037037037037037	0.0138888888888889	0.0222222222222222	0.0153846153846154	0	0.0470588235294118	0.0405405405405405
source_cancer_18_T-cells	0.0111111111111111	0.0506329113924051	0.0307692307692308	0.028169014084507	0.0379746835443038	0.0142857142857143	0.0225563909774436	0	0	0.0357142857142857	0.0416666666666667
source_cancer_2_T-cells	0.0136986301369863	0.0595238095238095	0.028169014084507	0.027027027027027	0.0352941176470588	0.0131578947368421	0.0215827338129496	0.0144927536231884	0	0.0333333333333333	0.0384615384615385
source_cancer_20_T-cells	0.016304347826087	0.0689655172413793	0.0266666666666667	0.033112582781457	0.0337078651685393	0.0125	0.020979020979021	0.0136986301369863	0	0.043010752688172	0.0365853658536585
source_cancer_21_T-cells	0.0168539325842697	0.08	0.0317460317460317	0.0359712230215827	0.038961038961039	0.0147058823529412	0.0229007633587786	0.0163934426229508	0	0.0493827160493827	0.0428571428571429
source_cancer_3_T-cells	0.0162162162162162	0.0674157303370786	0.025974025974026	0.0326797385620915	0.032967032967033	0.0121951219512195	0.0206896551724138	0.0133333333333333	0	0.0421052631578947	0.0357142857142857
source_cancer_4_T-cells	0.016304347826087	0.0689655172413793	0.0266666666666667	0.033112582781457	0.0337078651685393	0.0125	0.020979020979021	0.0136986301369863	0	0.043010752688172	0.0365853658536585
source_cancer_5_T-cells	0.0161290322580645	0.0659340659340659	0.0253164556962025	0.032258064516129	0.032258064516129	0.0119047619047619	0.0204081632653061	0.012987012987013	0	0.0412371134020619	0.0348837209302326
source_cancer_6_T-cells	0.0164383561643836	0.0714285714285714	0.0277777777777778	0.0337837837837838	0.0348837209302326	0.012987012987013	0.0214285714285714	0.0142857142857143	0	0.0444444444444444	0.0379746835443038
source_cancer_7_T-cells	0.016304347826087	0.0689655172413793	0.0266666666666667	0.033112582781457	0.0337078651685393	0.0125	0.020979020979021	0.0136986301369863	0	0.043010752688172	0.0365853658536585
source_cancer_8_T-cells	0.0140449438202247	0.0666666666666667	0.032258064516129	0.0287769784172662	0.0394736842105263	0.0149253731343284	0.0230769230769231	0.0166666666666667	0	0.037037037037037	0.0434782608695652
source_cancer_9_T-cells	0.013550135501355	0.0568181818181818	0.0266666666666667	0.0263157894736842	0.0337078651685393	0.0125	0.020979020979021	0.0136986301369863	0	0.0319148936170213	0.0365853658536585
source_cancer_17_T-cells	0.0164383561643836	0.0714285714285714	0.0277777777777778	0.0337837837837838	0.0348837209302326	0.012987012987013	0.0214285714285714	0.0142857142857143	0	0.0444444444444444	0.0379746835443038
source_cancer_22_T-cells	0.0142045454545455	0.0704225352112676	0.0344827586206897	0.0296296296296296	0.0273972602739726	0	0.0238095238095238	0.0178571428571429	0	0.0256410256410256	0.0461538461538462
source_cancer_23_T-cells	0.0159574468085106	0.0631578947368421	0.0240963855421687	0.0314465408805031	0.0309278350515464	0.0113636363636364	0.0198675496688742	0.0123456790123457	0	0.0396039603960396	0.0333333333333333
source_cancer_15_T-cells	0.0162162162162162	0.0674157303370786	0.025974025974026	0.0326797385620915	0.032967032967033	0.0121951219512195	0.0206896551724138	0.0133333333333333	0	0.0421052631578947	0.0357142857142857
source_cancer_19_T-cells	0.0173913043478261	0.09375	0.0384615384615385	0.0390625	0.0454545454545455	0.0175438596491228	0.025	0.02	0	0.0571428571428571	0.0508474576271186
source_cancer_0_ionocyte	0	0	0	0	0.0113636363636364	0.012987012987013	0	0	0	0.010752688172043	0
source_cancer_14_ionocyte	0	0	0	0	0.0111111111111111	0.0126582278481013	0	0	0	0.0105263157894737	0
source_cancer_23_ionocyte	0	0	0	0	0.0108695652173913	0.0123456790123457	0	0	0	0.0103092783505155	0
source_cancer_18_ionocyte	0	0	0	0	0.010989010989011	0.0125	0	0	0	0.0104166666666667	0
source_cancer_6_ionocyte	0	0	0	0	0.0125	0.0144927536231884	0	0	0	0.0117647058823529	0
source_cancer_11_ionocyte	0	0	0	0	0.0125	0.0144927536231884	0	0	0	0.0117647058823529	0
source_cancer_21_ionocyte	0	0	0	0	0.0147058823529412	0.0175438596491228	0	0	0	0.0136986301369863	0
source_cancer_22_ionocyte	0	0	0	0	0.0135135135135135	0.0158730158730159	0	0	0	0.0126582278481013	0
source_cancer_3_ionocyte	0	0	0	0	0.012987012987013	0.0151515151515152	0	0	0	0.0121951219512195	0
source_cancer_4_ionocyte	0	0	0	0	0.0126582278481013	0.0147058823529412	0	0	0	0.0119047619047619	0
source_cancer_9_ionocyte	0	0	0	0	0.0120481927710843	0.0138888888888889	0	0	0	0.0113636363636364	0
source_cancer_10_ionocyte	0	0	0	0	0.0119047619047619	0.0136986301369863	0	0	0	0.0112359550561798	0
source_cancer_12_ionocyte	0	0	0	0	0.0119047619047619	0.0136986301369863	0	0	0	0.0112359550561798	0
source_cancer_13_ionocyte	0	0	0	0	0.012987012987013	0.0151515151515152	0	0	0	0.0121951219512195	0
source_cancer_15_ionocyte	0	0	0	0	0.0123456790123457	0.0142857142857143	0	0	0	0.0116279069767442	0
source_cancer_16_ionocyte	0	0	0	0	0.0136986301369863	0.0161290322580645	0	0	0	0.0128205128205128	0
source_cancer_17_ionocyte	0	0	0	0	0.0131578947368421	0.0153846153846154	0	0	0	0.0123456790123457	0
source_cancer_2_ionocyte	0	0	0	0	0.0120481927710843	0.0138888888888889	0	0	0	0.0113636363636364	0
source_cancer_20_ionocyte	0	0	0	0	0.0113636363636364	0.012987012987013	0	0	0	0.010752688172043	0
source_cancer_5_ionocyte	0	0	0	0	0.0116279069767442	0.0133333333333333	0	0	0	0.010989010989011	0
source_cancer_19_ionocyte	0	0	0	0	0.0149253731343284	0.0178571428571429	0	0	0	0.0138888888888889	0
source_cancer_7_ionocyte	0	0	0	0	0.0133333333333333	0.015625	0	0	0	0.0125	0
source_cancer_1_ionocyte	0	0	0	0	0.0158730158730159	0.0192307692307692	0	0	0	0.0147058823529412	0
source_cancer_8_ionocyte	0	0	0	0	0.0142857142857143	0.0169491525423729	0	0	0	0.0133333333333333	0
source_cancer_10_melanocytes	0	0	0	0	0.0125	0.0144927536231884	0	0	0	0.0117647058823529	0
source_cancer_18_melanocytes	0	0	0	0	0.0126582278481013	0.0147058823529412	0	0	0	0.0119047619047619	0
source_cancer_19_melanocytes	0	0	0	0	0.0144927536231884	0.0172413793103448	0	0	0	0.0135135135135135	0
source_cancer_20_melanocytes	0	0	0	0	0.0123456790123457	0.0142857142857143	0	0	0	0.0116279069767442	0
source_cancer_5_melanocytes	0	0	0	0	0.0121951219512195	0.0140845070422535	0	0	0	0.0114942528735632	0
source_cancer_0_melanocytes	0	0	0	0	0.0121951219512195	0.0140845070422535	0	0	0	0.0114942528735632	0
source_cancer_14_melanocytes	0	0	0	0	0.0119047619047619	0.0136986301369863	0	0	0	0.0112359550561798	0
source_cancer_23_melanocytes	0	0	0	0	0.0117647058823529	0.0135135135135135	0	0	0	0.0111111111111111	0
source_cancer_17_melanocytes	0	0	0	0	0.0135135135135135	0.0158730158730159	0	0	0	0.0126582278481013	0
source_cancer_3_melanocytes	0	0	0	0	0.0133333333333333	0.015625	0	0	0	0.0125	0
source_cancer_4_melanocytes	0	0	0	0	0.0128205128205128	0.0149253731343284	0	0	0	0.0120481927710843	0
source_cancer_11_melanocytes	0	0	0	0	0.0128205128205128	0.0149253731343284	0	0	0	0.0120481927710843	0
source_cancer_2_melanocytes	0	0	0	0	0.0128205128205128	0.0149253731343284	0	0	0	0.0120481927710843	0
source_cancer_9_melanocytes	0	0	0	0	0.0126582278481013	0.0147058823529412	0	0	0	0.0119047619047619	0
source_cancer_15_melanocytes	0	0	0	0	0.0126582278481013	0.0147058823529412	0	0	0	0.0119047619047619	0
source_cancer_16_melanocytes	0	0	0	0	0.0144927536231884	0.0172413793103448	0	0	0	0.0135135135135135	0
source_cancer_13_melanocytes	0	0	0	0	0.0136986301369863	0.0161290322580645	0	0	0	0.0128205128205128	0
source_cancer_21_melanocytes	0	0	0	0	0.015625	0.0188679245283019	0	0	0	0.0144927536231884	0
source_cancer_1_melanocytes	0	0	0	0	0.0163934426229508	0.02	0	0	0	0.0151515151515152	0
source_cancer_12_melanocytes	0	0	0	0	0.0128205128205128	0.0149253731343284	0	0	0	0.0120481927710843	0
source_cancer_22_melanocytes	0	0	0	0	0.0149253731343284	0.0178571428571429	0	0	0	0.0138888888888889	0
source_cancer_6_melanocytes	0	0	0	0	0.0131578947368421	0.0153846153846154	0	0	0	0.0123456790123457	0
source_cancer_7_melanocytes	0	0	0	0	0.0138888888888889	0.0163934426229508	0	0	0	0.012987012987013	0
source_cancer_8_melanocytes	0	0	0	0	0.0142857142857143	0.0169491525423729	0	0	0	0.0133333333333333	0
source_cancer_20_basal_cell	0	0	0	0	0.010989010989011	0.0125	0	0	0	0.0104166666666667	0
source_cancer_0_basal_cell	0	0	0	0	0.0113636363636364	0.012987012987013	0	0	0	0.010752688172043	0
source_cancer_12_basal_cell	0	0	0	0	0.010989010989011	0.0125	0	0	0	0.0104166666666667	0
source_cancer_14_basal_cell	0	0	0	0	0.010989010989011	0.0125	0	0	0	0.0104166666666667	0
source_cancer_15_basal_cell	0	0	0	0	0.0116279069767442	0.0133333333333333	0	0	0	0.010989010989011	0
source_cancer_16_basal_cell	0	0	0	0	0.0133333333333333	0.015625	0	0	0	0.0125	0
source_cancer_17_basal_cell	0	0	0	0	0.0120481927710843	0.0138888888888889	0	0	0	0.0113636363636364	0
source_cancer_18_basal_cell	0	0	0	0	0.0116279069767442	0.0133333333333333	0	0	0	0.010989010989011	0
source_cancer_2_basal_cell	0	0	0	0	0.0116279069767442	0.0133333333333333	0	0	0	0.010989010989011	0
source_cancer_23_basal_cell	0	0	0	0	0.0106382978723404	0.0120481927710843	0	0	0	0.0101010101010101	0
source_cancer_3_basal_cell	0	0	0	0	0.0126582278481013	0.0147058823529412	0	0	0	0.0119047619047619	0
source_cancer_4_basal_cell	0	0	0	0	0.0123456790123457	0.0142857142857143	0	0	0	0.0116279069767442	0
source_cancer_10_basal_cell	0	0	0	0	0.0114942528735632	0.0131578947368421	0	0	0	0.0108695652173913	0
source_cancer_13_basal_cell	0	0	0	0	0.0126582278481013	0.0147058823529412	0	0	0	0.0119047619047619	0
source_cancer_5_basal_cell	0	0	0	0	0.0114942528735632	0.0131578947368421	0	0	0	0.0108695652173913	0
source_cancer_6_basal_cell	0	0	0	0	0.0128205128205128	0.0149253731343284	0	0	0	0.0120481927710843	0
source_cancer_7_basal_cell	0	0	0	0	0.0123456790123457	0.0142857142857143	0	0	0	0.0116279069767442	0
source_cancer_9_basal_cell	0	0	0	0	0.0121951219512195	0.0140845070422535	0	0	0	0.0114942528735632	0
source_cancer_1_basal_cell	0	0	0	0	0.0158730158730159	0.0192307692307692	0	0	0	0.0147058823529412	0
source_cancer_21_basal_cell	0	0	0	0	0.0151515151515152	0.0181818181818182	0	0	0	0.0140845070422535	0
source_cancer_22_basal_cell	0	0	0	0	0.0135135135135135	0.0158730158730159	0	0	0	0.0126582278481013	0
source_cancer_11_basal_cell	0	0	0	0	0.0126582278481013	0.0147058823529412	0	0	0	0.0119047619047619	0
source_cancer_19_basal_cell	0	0	0	0	0.0163934426229508	0.02	0	0	0	0.0151515151515152	0
source_cancer_8_basal_cell	0	0	0	0	0.0147058823529412	0.0175438596491228	0	0	0	0.0136986301369863	0
source_cancer_17_ciliated_cell	0	0	0	0	0.0161290322580645	0.0196078431372549	0	0	0	0.0149253731343284	0
source_cancer_3_ciliated_cell	0	0	0	0	0.0158730158730159	0.0192307692307692	0	0	0	0.0147058823529412	0
source_cancer_4_ciliated_cell	0	0	0	0	0.0161290322580645	0.0196078431372549	0	0	0	0.0149253731343284	0
source_cancer_5_ciliated_cell	0	0	0	0	0.0144927536231884	0.0172413793103448	0	0	0	0.0135135135135135	0
source_cancer_0_ciliated_cell	0	0	0	0	0.0144927536231884	0.0172413793103448	0	0	0	0.0135135135135135	0
source_cancer_14_ciliated_cell	0	0	0	0	0.0144927536231884	0.0172413793103448	0	0	0	0.0135135135135135	0
source_cancer_23_ciliated_cell	0	0	0	0	0.0138888888888889	0.0163934426229508	0	0	0	0.012987012987013	0
source_cancer_11_ciliated_cell	0	0	0	0	0.0133333333333333	0.015625	0	0	0	0.0125	0
source_cancer_19_ciliated_cell	0	0	0	0	0.0163934426229508	0.02	0	0	0	0.0151515151515152	0
source_cancer_13_ciliated_cell	0	0	0	0	0.0151515151515152	0.0181818181818182	0	0	0	0.0140845070422535	0
source_cancer_15_ciliated_cell	0	0	0	0	0.0151515151515152	0.0181818181818182	0	0	0	0.0140845070422535	0
source_cancer_16_ciliated_cell	0	0	0	0	0.0161290322580645	0.0196078431372549	0	0	0	0.0149253731343284	0
source_cancer_18_ciliated_cell	0	0	0	0	0.0144927536231884	0.0172413793103448	0	0	0	0.0135135135135135	0
source_cancer_2_ciliated_cell	0	0	0	0	0.0149253731343284	0.0178571428571429	0	0	0	0.0138888888888889	0
source_cancer_20_ciliated_cell	0	0	0	0	0.0147058823529412	0.0175438596491228	0	0	0	0.0136986301369863	0
source_cancer_21_ciliated_cell	0	0	0	0	0.0166666666666667	0.0204081632653061	0	0	0	0.0153846153846154	0
source_cancer_10_ciliated_cell	0	0	0	0	0.0142857142857143	0.0169491525423729	0	0	0	0.0133333333333333	0
source_cancer_12_ciliated_cell	0	0	0	0	0.0147058823529412	0.0175438596491228	0	0	0	0.0136986301369863	0
source_cancer_1_ciliated_cell	0	0	0	0	0.0166666666666667	0.0204081632653061	0	0	0	0.0153846153846154	0
source_cancer_22_ciliated_cell	0	0	0	0	0.0163934426229508	0.02	0	0	0	0.0151515151515152	0
source_cancer_6_ciliated_cell	0	0	0	0	0.0151515151515152	0.0181818181818182	0	0	0	0.0140845070422535	0
source_cancer_7_ciliated_cell	0	0	0	0	0.0151515151515152	0.0181818181818182	0	0	0	0.0140845070422535	0
source_cancer_8_ciliated_cell	0	0	0	0	0.0153846153846154	0.0185185185185185	0	0	0	0.0142857142857143	0
source_cancer_9_ciliated_cell	0	0	0	0	0.0151515151515152	0.0181818181818182	0	0	0	0.0140845070422535	0
source_cancer_11_hepatocyte	0	0	0	0	0.0135135135135135	0.0158730158730159	0	0	0	0.0126582278481013	0
source_cancer_19_hepatocyte	0	0	0	0	0.0163934426229508	0.02	0	0	0	0.0151515151515152	0
source_cancer_2_hepatocyte	0	0	0	0	0.0133333333333333	0.015625	0	0	0	0.0125	0
source_cancer_20_hepatocyte	0	0	0	0	0.0135135135135135	0.0158730158730159	0	0	0	0.0126582278481013	0
source_cancer_9_hepatocyte	0	0	0	0	0.0135135135135135	0.0158730158730159	0	0	0	0.0126582278481013	0
source_cancer_12_hepatocyte	0	0	0	0	0.012987012987013	0.0151515151515152	0	0	0	0.0121951219512195	0
source_cancer_0_hepatocyte	0	0	0	0	0.012987012987013	0.0151515151515152	0	0	0	0.0121951219512195	0
source_cancer_10_hepatocyte	0	0	0	0	0.0133333333333333	0.015625	0	0	0	0.0125	0
source_cancer_14_hepatocyte	0	0	0	0	0.0128205128205128	0.0149253731343284	0	0	0	0.0120481927710843	0
source_cancer_5_hepatocyte	0	0	0	0	0.0131578947368421	0.0153846153846154	0	0	0	0.0123456790123457	0
source_cancer_22_hepatocyte	0	0	0	0	0.0153846153846154	0.0185185185185185	0	0	0	0.0142857142857143	0
source_cancer_15_hepatocyte	0	0	0	0	0.0136986301369863	0.0161290322580645	0	0	0	0.0128205128205128	0
source_cancer_16_hepatocyte	0	0	0	0	0.0147058823529412	0.0175438596491228	0	0	0	0.0136986301369863	0
source_cancer_17_hepatocyte	0	0	0	0	0.0151515151515152	0.0181818181818182	0	0	0	0.0140845070422535	0
source_cancer_3_hepatocyte	0	0	0	0	0.0144927536231884	0.0172413793103448	0	0	0	0.0135135135135135	0
source_cancer_4_hepatocyte	0	0	0	0	0.0142857142857143	0.0169491525423729	0	0	0	0.0133333333333333	0
source_cancer_23_hepatocyte	0	0	0	0	0.0136986301369863	0.0161290322580645	0	0	0	0.0128205128205128	0
source_cancer_13_hepatocyte	0	0	0	0	0.0142857142857143	0.0169491525423729	0	0	0	0.0133333333333333	0
source_cancer_18_hepatocyte	0	0	0	0	0.0136986301369863	0.0161290322580645	0	0	0	0.0128205128205128	0
source_cancer_21_hepatocyte	0	0	0	0	0.0158730158730159	0.0192307692307692	0	0	0	0.0147058823529412	0
source_cancer_1_hepatocyte	0	0	0	0	0.0158730158730159	0.0192307692307692	0	0	0	0.0147058823529412	0
source_cancer_6_hepatocyte	0	0	0	0	0.0144927536231884	0.0172413793103448	0	0	0	0.0135135135135135	0
source_cancer_7_hepatocyte	0	0	0	0	0.0147058823529412	0.0175438596491228	0	0	0	0.0136986301369863	0
source_cancer_8_hepatocyte	0	0	0	0	0.0147058823529412	0.0175438596491228	0	0	0	0.0136986301369863	0
source_cancer_11_neuro_e_cell	0	0	0	0	0.0158730158730159	0.0192307692307692	0	0	0	0.0147058823529412	0
source_cancer_19_neuro_e_cell	0	0	0	0	0.0158730158730159	0.0192307692307692	0	0	0	0.0147058823529412	0
source_cancer_0_neuro_e_cell	0	0	0	0	0.0158730158730159	0.0192307692307692	0	0	0	0.0147058823529412	0
source_cancer_10_neuro_e_cell	0	0	0	0	0.0163934426229508	0.02	0	0	0	0.0151515151515152	0
source_cancer_12_neuro_e_cell	0	0	0	0	0.0161290322580645	0.0196078431372549	0	0	0	0.0149253731343284	0
source_cancer_13_neuro_e_cell	0	0	0	0	0.0163934426229508	0.02	0	0	0	0.0151515151515152	0
source_cancer_14_neuro_e_cell	0	0	0	0	0.0158730158730159	0.0192307692307692	0	0	0	0.0147058823529412	0
source_cancer_15_neuro_e_cell	0	0	0	0	0.0166666666666667	0.0204081632653061	0	0	0	0.0153846153846154	0
source_cancer_16_neuro_e_cell	0	0	0	0	0.0163934426229508	0.02	0	0	0	0.0151515151515152	0
source_cancer_17_neuro_e_cell	0	0	0	0	0.0158730158730159	0.0192307692307692	0	0	0	0.0147058823529412	0
source_cancer_18_neuro_e_cell	0	0	0	0	0.0158730158730159	0.0192307692307692	0	0	0	0.0147058823529412	0
source_cancer_2_neuro_e_cell	0	0	0	0	0.0158730158730159	0.0192307692307692	0	0	0	0.0147058823529412	0
source_cancer_20_neuro_e_cell	0	0	0	0	0.0161290322580645	0.0196078431372549	0	0	0	0.0149253731343284	0
source_cancer_21_neuro_e_cell	0	0	0	0	0	0	0	0	0	0	0
source_cancer_22_neuro_e_cell	0	0	0	0	0	0	0	0	0	0	0
source_cancer_23_neuro_e_cell	0	0	0	0	0.0158730158730159	0.0192307692307692	0	0	0	0.0147058823529412	0
source_cancer_3_neuro_e_cell	0	0	0	0	0.0163934426229508	0.02	0	0	0	0.0151515151515152	0
source_cancer_4_neuro_e_cell	0	0	0	0	0.0163934426229508	0.02	0	0	0	0.0151515151515152	0
source_cancer_5_neuro_e_cell	0	0	0	0	0.0161290322580645	0.0196078431372549	0	0	0	0.0149253731343284	0
source_cancer_6_neuro_e_cell	0	0	0	0	0.0161290322580645	0.0196078431372549	0	0	0	0.0149253731343284	0
source_cancer_7_neuro_e_cell	0	0	0	0	0.0166666666666667	0.0204081632653061	0	0	0	0.0153846153846154	0
source_cancer_9_neuro_e_cell	0	0	0	0	0.0158730158730159	0.0192307692307692	0	0	0	0.0147058823529412	0
source_cancer_1_neuro_e_cell	0	0	0	0	0	0	0	0	0	0	0
source_cancer_8_neuro_e_cell	0	0	0	0	0	0	0	0	0	0	0
source_cancer_11_Neutrophils	0	0	0	0	0	0	0	0	0	0	0
source_cancer_19_Neutrophils	0	0	0	0	0	0	0	0	0	0	0
source_cancer_10_Neutrophils	0	0	0	0	0	0	0	0	0	0	0
source_cancer_12_Neutrophils	0	0	0	0	0	0	0	0	0	0	0
source_cancer_14_Neutrophils	0	0	0	0	0	0	0	0	0	0	0
source_cancer_15_Neutrophils	0	0	0	0	0	0	0	0	0	0	0
source_cancer_16_Neutrophils	0	0	0	0	0	0	0	0	0	0	0
source_cancer_17_Neutrophils	0	0	0	0	0	0	0	0	0	0	0
source_cancer_2_Neutrophils	0	0	0	0	0	0	0	0	0	0	0
source_cancer_20_Neutrophils	0	0	0	0	0	0	0	0	0	0	0
source_cancer_21_Neutrophils	0	0	0	0	0	0	0	0	0	0	0
source_cancer_22_Neutrophils	0	0	0	0	0	0	0	0	0	0	0
source_cancer_3_Neutrophils	0	0	0	0	0	0	0	0	0	0	0
source_cancer_4_Neutrophils	0	0	0	0	0	0	0	0	0	0	0
source_cancer_5_Neutrophils	0	0	0	0	0	0	0	0	0	0	0
source_cancer_7_Neutrophils	0	0	0	0	0	0	0	0	0	0	0
source_cancer_9_Neutrophils	0	0	0	0	0	0	0	0	0	0	0
source_cancer_0_Neutrophils	0	0	0	0	0	0	0	0	0	0	0
source_cancer_13_Neutrophils	0	0	0	0	0	0	0	0	0	0	0
source_cancer_18_Neutrophils	0	0	0	0	0	0	0	0	0	0	0
source_cancer_23_Neutrophils	0	0	0	0	0	0	0	0	0	0	0
source_cancer_6_Neutrophils	0	0	0	0	0	0	0	0	0	0	0
source_cancer_8_Neutrophils	0	0	0	0	0	0	0	0	0	0	0
source_cancer_1_Neutrophils	0	0	0	0	0	0	0	0	0	0	0
source_cancer_2_B-cells-PB	0.00278551532033426	0.0128205128205128	0	0	0.012987012987013	0.0151515151515152	0	0.0169491525423729	0	0.0121951219512195	0
source_cancer_20_B-cells-PB	0.00549450549450549	0.0240963855421687	0	0.00680272108843537	0.0120481927710843	0.0138888888888889	0	0.0153846153846154	0	0.0229885057471264	0
source_cancer_9_B-cells-PB	0.00280112044817927	0.0131578947368421	0	0	0.0133333333333333	0.015625	0	0.0175438596491228	0	0.0125	0
source_cancer_22_B-cells-PB	0.00285714285714286	0.0144927536231884	0	0	0.0147058823529412	0.0175438596491228	0	0.02	0	0.0136986301369863	0
source_cancer_0_B-cells-PB	0.00555555555555556	0.0253164556962025	0	0.00699300699300699	0.0126582278481013	0.0147058823529412	0	0.0163934426229508	0	0.0240963855421687	0
source_cancer_10_B-cells-PB	0.00555555555555556	0.0253164556962025	0	0.00699300699300699	0.0126582278481013	0.0147058823529412	0	0.0163934426229508	0	0.0240963855421687	0
source_cancer_14_B-cells-PB	0.00547945205479452	0.0238095238095238	0	0.00675675675675676	0.0119047619047619	0.0136986301369863	0	0.0151515151515152	0	0.0227272727272727	0
source_cancer_5_B-cells-PB	0.00554016620498615	0.025	0	0.00694444444444444	0.0125	0.0144927536231884	0	0.0161290322580645	0	0.0238095238095238	0
source_cancer_1_B-cells-PB	0.00579710144927536	0.03125	0	0.0078125	0.015625	0.0188679245283019	0	0.0217391304347826	0	0.0294117647058824	0
source_cancer_11_B-cells-PB	0.00560224089635854	0.0263157894736842	0	0.00714285714285714	0.0131578947368421	0.0153846153846154	0	0.0172413793103448	0	0.025	0
source_cancer_12_B-cells-PB	0.00554016620498615	0.025	0	0.00694444444444444	0.0125	0.0144927536231884	0	0.0161290322580645	0	0.0238095238095238	0
source_cancer_15_B-cells-PB	0.00555555555555556	0.0253164556962025	0	0.00699300699300699	0.0126582278481013	0.0147058823529412	0	0.0163934426229508	0	0.0240963855421687	0
source_cancer_18_B-cells-PB	0	0	0	0	0.012987012987013	0.0151515151515152	0	0	0	0.0121951219512195	0
source_cancer_23_B-cells-PB	0.00546448087431694	0.0235294117647059	0	0.00671140939597315	0.0117647058823529	0.0135135135135135	0	0.0149253731343284	0	0.0224719101123595	0
source_cancer_6_B-cells-PB	0.00561797752808989	0.0266666666666667	0	0.00719424460431655	0.0133333333333333	0.015625	0	0.0175438596491228	0	0.0253164556962025	0
source_cancer_7_B-cells-PB	0.00563380281690141	0.027027027027027	0	0.0072463768115942	0.0135135135135135	0.0158730158730159	0	0.0178571428571429	0	0.0256410256410256	0
source_cancer_3_B-cells-PB	0.00568181818181818	0.028169014084507	0	0.00740740740740741	0.0140845070422535	0.0166666666666667	0	0.0188679245283019	0	0.0266666666666667	0
source_cancer_4_B-cells-PB	0.0056657223796034	0.0277777777777778	0	0.00735294117647059	0.0138888888888889	0.0163934426229508	0	0.0185185185185185	0	0.0263157894736842	0
source_cancer_16_B-cells-PB	0.00571428571428571	0.0289855072463768	0	0.0075187969924812	0.0144927536231884	0.0172413793103448	0	0.0196078431372549	0	0.0273972602739726	0
source_cancer_17_B-cells-PB	0.00564971751412429	0.0273972602739726	0	0.0072992700729927	0.0136986301369863	0.0161290322580645	0	0.0181818181818182	0	0.025974025974026	0
source_cancer_13_B-cells-PB	0.00564971751412429	0.0273972602739726	0	0.0072992700729927	0.0136986301369863	0.0161290322580645	0	0.0181818181818182	0	0.025974025974026	0
source_cancer_21_B-cells-PB	0.00576368876080692	0.0303030303030303	0	0.00769230769230769	0.0151515151515152	0.0181818181818182	0	0.0208333333333333	0	0.0285714285714286	0
source_cancer_8_B-cells-PB	0.00284900284900285	0.0142857142857143	0	0	0.0144927536231884	0.0172413793103448	0	0.0196078431372549	0	0.0135135135135135	0
source_cancer_19_B-cells-PB	0.00579710144927536	0.03125	0	0.0078125	0.015625	0.0188679245283019	0	0.0217391304347826	0	0.0294117647058824	0
source_cancer_2_Mast-cells	0	0	0	0	0.0135135135135135	0.0158730158730159	0	0	0	0.0126582278481013	0
source_cancer_20_Mast-cells	0	0	0	0	0.0140845070422535	0.0166666666666667	0	0	0	0.0131578947368421	0
source_cancer_9_Mast-cells	0	0	0	0	0.0136986301369863	0.0161290322580645	0	0	0	0.0128205128205128	0
source_cancer_0_Mast-cells	0	0	0	0	0.0133333333333333	0.015625	0	0	0	0.0125	0
source_cancer_10_Mast-cells	0	0	0	0	0.0144927536231884	0.0172413793103448	0	0	0	0.0135135135135135	0
source_cancer_14_Mast-cells	0	0	0	0	0.0128205128205128	0.0149253731343284	0	0	0	0.0120481927710843	0
source_cancer_5_Mast-cells	0	0	0	0	0.0131578947368421	0.0153846153846154	0	0	0	0.0123456790123457	0
source_cancer_11_Mast-cells	0	0	0	0	0.0138888888888889	0.0163934426229508	0	0	0	0.012987012987013	0
source_cancer_22_Mast-cells	0	0	0	0	0	0	0	0	0	0	0
source_cancer_18_Mast-cells	0	0	0	0	0.0140845070422535	0.0166666666666667	0	0	0	0.0131578947368421	0
source_cancer_15_Mast-cells	0	0	0	0	0.0142857142857143	0.0169491525423729	0	0	0	0.0133333333333333	0
source_cancer_16_Mast-cells	0	0	0	0	0.0151515151515152	0.0181818181818182	0	0	0	0.0140845070422535	0
source_cancer_17_Mast-cells	0	0	0	0	0.0149253731343284	0.0178571428571429	0	0	0	0.0138888888888889	0
source_cancer_23_Mast-cells	0	0	0	0	0.012987012987013	0.0151515151515152	0	0	0	0.0121951219512195	0
source_cancer_3_Mast-cells	0	0	0	0	0.0144927536231884	0.0172413793103448	0	0	0	0.0135135135135135	0
source_cancer_4_Mast-cells	0	0	0	0	0.0140845070422535	0.0166666666666667	0	0	0	0.0131578947368421	0
source_cancer_7_Mast-cells	0	0	0	0	0.0142857142857143	0.0169491525423729	0	0	0	0.0133333333333333	0
source_cancer_1_Mast-cells	0	0	0	0	0.0161290322580645	0.0196078431372549	0	0	0	0.0149253731343284	0
source_cancer_12_Mast-cells	0	0	0	0	0.0135135135135135	0.0158730158730159	0	0	0	0.0126582278481013	0
source_cancer_13_Mast-cells	0	0	0	0	0.0140845070422535	0.0166666666666667	0	0	0	0.0131578947368421	0
source_cancer_19_Mast-cells	0	0	0	0	0.0163934426229508	0.02	0	0	0	0.0151515151515152	0
source_cancer_21_Mast-cells	0	0	0	0	0.015625	0.0188679245283019	0	0	0	0.0144927536231884	0
source_cancer_6_Mast-cells	0	0	0	0	0.0142857142857143	0.0169491525423729	0	0	0	0.0133333333333333	0
source_cancer_8_Mast-cells	0	0	0	0	0	0	0	0	0	0	0
source_cancer_0_stroma	0	0	0	0	0.0133333333333333	0.015625	0	0	0	0.0125	0
source_cancer_10_stroma	0	0	0	0	0.0140845070422535	0.0166666666666667	0	0	0	0.0131578947368421	0
source_cancer_14_stroma	0	0	0	0	0.0131578947368421	0.0153846153846154	0	0	0	0.0123456790123457	0
source_cancer_20_stroma	0	0	0	0	0.0135135135135135	0.0158730158730159	0	0	0	0.0126582278481013	0
source_cancer_5_stroma	0	0	0	0	0.0135135135135135	0.0158730158730159	0	0	0	0.0126582278481013	0
source_cancer_11_stroma	0	0	0	0	0.0140845070422535	0.0166666666666667	0	0	0	0.0131578947368421	0
source_cancer_22_stroma	0	0	0	0	0.0153846153846154	0.0185185185185185	0	0	0	0.0142857142857143	0
source_cancer_15_stroma	0	0	0	0	0.0136986301369863	0.0161290322580645	0	0	0	0.0128205128205128	0
source_cancer_16_stroma	0	0	0	0	0.0144927536231884	0.0172413793103448	0	0	0	0.0135135135135135	0
source_cancer_17_stroma	0	0	0	0	0.0140845070422535	0.0166666666666667	0	0	0	0.0131578947368421	0
source_cancer_23_stroma	0	0	0	0	0.0126582278481013	0.0147058823529412	0	0	0	0.0119047619047619	0
source_cancer_3_stroma	0	0	0	0	0.0144927536231884	0.0172413793103448	0	0	0	0.0135135135135135	0
source_cancer_4_stroma	0	0	0	0	0.0144927536231884	0.0172413793103448	0	0	0	0.0135135135135135	0
source_cancer_12_stroma	0	0	0	0	0.0135135135135135	0.0158730158730159	0	0	0	0.0126582278481013	0
source_cancer_13_stroma	0	0	0	0	0.0140845070422535	0.0166666666666667	0	0	0	0.0131578947368421	0
source_cancer_18_stroma	0	0	0	0	0.0136986301369863	0.0161290322580645	0	0	0	0.0128205128205128	0
source_cancer_1_stroma	0	0	0	0	0.0161290322580645	0.0196078431372549	0	0	0	0.0149253731343284	0
source_cancer_19_stroma	0	0	0	0	0.0166666666666667	0.0204081632653061	0	0	0	0.0153846153846154	0
source_cancer_2_stroma	0	0	0	0	0.0136986301369863	0.0161290322580645	0	0	0	0.0128205128205128	0
source_cancer_21_stroma	0	0	0	0	0.0163934426229508	0.02	0	0	0	0.0151515151515152	0
source_cancer_6_stroma	0	0	0	0	0.0144927536231884	0.0172413793103448	0	0	0	0.0135135135135135	0
source_cancer_7_stroma	0	0	0	0	0.0138888888888889	0.0163934426229508	0	0	0	0.012987012987013	0
source_cancer_8_stroma	0	0	0	0	0.0149253731343284	0.0178571428571429	0	0	0	0.0138888888888889	0
source_cancer_9_stroma	0	0	0	0	0.0140845070422535	0.0166666666666667	0	0	0	0.0131578947368421	0
