clone_1	clone_2	clone_3	clone_4
target_cancer_0_cancer	0.00841346153846154	0.00432900432900433	0	0.00835654596100279
target_cancer_12_cancer	0.00847457627118644	0.00659340659340659	0	0.00934579439252336
target_cancer_14_cancer	0.00835322195704057	0.00427350427350427	0	0.00831024930747922
target_cancer_18_cancer	0.00834326579261025	0.00641025641025641	0	0.00737327188940092
target_cancer_23_cancer	0.00802752293577982	0.00398406374501992	0	0.00805729632945389
target_cancer_9_cancer	0.00733496332518337	0.00672645739910314	0	0.00752587017873942
target_cancer_10_cancer	0.00839328537170264	0.00647948164146868	0	0.00927643784786642
target_cancer_11_cancer	0.00729040097205346	0.00665188470066519	0	0.0084348641049672
target_cancer_15_cancer	0.00730816077953715	0.0066815144766147	0	0.00845070422535211
target_cancer_2_cancer	0.00845410628019324	0.00656455142231947	0	0.00838769804287046
target_cancer_20_cancer	0.00937866354044549	0.00829875518672199	0	0.0100273473108478
target_cancer_5_cancer	0.00844390832328106	0.00655021834061135	0	0.00931966449207828
target_cancer_1_cancer	0.0075	0.00700934579439252	0	0.0076555023923445
target_cancer_17_cancer	0.00849514563106796	0.00662251655629139	0	0.00936329588014981
target_cancer_13_cancer	0.0096969696969697	0.00881057268722467	0	0.010289990645463
target_cancer_6_cancer	0.00741656365883807	0.0068649885583524	0	0.00759013282732448
target_cancer_22_cancer	0.00744416873449132	0.00459770114942529	0	0.00857142857142857
target_cancer_21_cancer	0.0062266500622665	0.00697674418604651	0	0.0066793893129771
target_cancer_4_cancer	0.00858895705521472	0.00675675675675676	0	0.00944287063267233
target_cancer_3_cancer	0.00739827373612824	0.00683371298405467	0	0.00853080568720379
target_cancer_7_cancer	0.00738916256157635	0.00681818181818182	0	0.0075685903500473
target_cancer_19_cancer	0.00385109114249037	0.00246305418719212	0	0.00292397660818713
target_cancer_16_cancer	0.0075	0.00700934579439252	0	0.00862068965517241
target_cancer_8_cancer	0.00633713561470215	0.00721153846153846	0	0.00676982591876209
target_cancer_0_B-cells-M	0.0012970168612192	0.00252525252525253	0	0.000982318271119843
target_cancer_12_B-cells-M	0.00130548302872063	0.00255754475703325	0	0.000987166831194472
target_cancer_14_B-cells-M	0.00129198966408269	0.0025062656641604	0	0.000979431929480901
target_cancer_18_B-cells-M	0.00130039011703511	0.00253807106598985	0	0.000984251968503937
target_cancer_23_B-cells-M	0.0012970168612192	0.00252525252525253	0	0.000982318271119843
target_cancer_9_B-cells-M	0.00130378096479791	0.00255102040816327	0	0.000986193293885602
target_cancer_10_B-cells-M	0.00130208333333333	0.00254452926208651	0	0.000985221674876847
target_cancer_11_B-cells-M	0.00130548302872063	0.00255754475703325	0	0.000987166831194472
target_cancer_15_B-cells-M	0.00130548302872063	0.00255754475703325	0	0.000987166831194472
target_cancer_2_B-cells-M	0.00130208333333333	0.00254452926208651	0	0.000985221674876847
target_cancer_20_B-cells-M	0.0012987012987013	0.00253164556962025	0	0.000983284169124877
target_cancer_5_B-cells-M	0.00130548302872063	0.00255754475703325	0	0.000987166831194472
target_cancer_13_B-cells-M	0.00131061598951507	0.00257731958762887	0	0.00099009900990099
target_cancer_16_B-cells-M	0.00131406044678055	0.00259067357512953	0	0.000992063492063492
target_cancer_17_B-cells-M	0.00131233595800525	0.00258397932816537	0	0.000991080277502478
target_cancer_3_B-cells-M	0.00131406044678055	0.00259067357512953	0	0.000992063492063492
target_cancer_4_B-cells-M	0.00131578947368421	0.0025974025974026	0	0.00099304865938431
target_cancer_6_B-cells-M	0.00131061598951507	0.00257731958762887	0	0.00099009900990099
target_cancer_7_B-cells-M	0.00131061598951507	0.00257731958762887	0	0.00099009900990099
target_cancer_8_B-cells-M	0.00131406044678055	0.00259067357512953	0	0.000992063492063492
target_cancer_1_B-cells-M	0	0	0	0
target_cancer_21_B-cells-M	0	0	0	0
target_cancer_22_B-cells-M	0	0	0	0
target_cancer_0_B-cells-PB	0.00380228136882129	0.00240384615384615	0	0.00386473429951691
target_cancer_12_B-cells-PB	0.00381679389312977	0.00242130750605327	0	0.00387596899224806
target_cancer_14_B-cells-PB	0.00378787878787879	0.00238663484486874	0	0.00385356454720617
target_cancer_18_B-cells-PB	0.00380710659898477	0.00240963855421687	0	0.00289855072463768
target_cancer_23_B-cells-PB	0.00377833753148615	0.00237529691211401	0	0.00384615384615385
target_cancer_9_B-cells-PB	0.00256081946222791	0.00245700245700246	0	0.00194552529182879
target_cancer_10_B-cells-PB	0.0038265306122449	0.0024330900243309	0	0.00388349514563107
target_cancer_11_B-cells-PB	0.00255754475703325	0.00245098039215686	0	0.00291828793774319
target_cancer_15_B-cells-PB	0.00383141762452107	0.0024390243902439	0	0.00388726919339164
target_cancer_2_B-cells-PB	0.0038265306122449	0.0024330900243309	0	0.002909796314258
target_cancer_20_B-cells-PB	0.00376884422110553	0.00236406619385343	0	0.00383877159309021
target_cancer_5_B-cells-PB	0.0038265306122449	0.0024330900243309	0	0.00388349514563107
target_cancer_22_B-cells-PB	0.00258732212160414	0	0	0.00294406280667321
target_cancer_4_B-cells-PB	0.00384615384615385	0.00245700245700246	0	0.00389863547758285
target_cancer_6_B-cells-PB	0.00257731958762887	0.00248756218905473	0	0.00195503421309873
target_cancer_1_B-cells-PB	0.00129198966408269	0	0	0.000979431929480901
target_cancer_17_B-cells-PB	0.00383141762452107	0.0024390243902439	0	0.00388726919339164
target_cancer_13_B-cells-PB	0.00384122919334187	0.00245098039215686	0	0.00389483933787731
target_cancer_3_B-cells-PB	0.0038560411311054	0.00246913580246914	0	0.00390625
target_cancer_7_B-cells-PB	0.00387096774193548	0.00248756218905473	0	0.00293542074363992
target_cancer_16_B-cells-PB	0.0038961038961039	0.00251889168765743	0	0.00393700787401575
target_cancer_8_B-cells-PB	0.00260416666666667	0.00253807106598985	0	0.00197044334975369
target_cancer_19_B-cells-PB	0	0	0	0
target_cancer_21_B-cells-PB	0	0	0	0
target_cancer_0_Dendritic	0.00508259212198221	0.00240963855421687	0	0.00386847195357834
target_cancer_12_Dendritic	0.00512820512820513	0.00245098039215686	0	0.00389483933787731
target_cancer_14_Dendritic	0.00506970849176172	0.00239808153477218	0	0.00386100386100386
target_cancer_18_Dendritic	0.00635324015247776	0.00481927710843374	0	0.00483558994197292
target_cancer_23_Dendritic	0.005	0.00233644859813084	0	0.00382043935052531
target_cancer_9_Dendritic	0.0051413881748072	0.00246305418719212	0	0.00390243902439024
target_cancer_10_Dendritic	0.00508905852417303	0.00241545893719807	0	0.00387221684414327
target_cancer_11_Dendritic	0.00516795865633075	0.00248756218905473	0	0.0039177277179236
target_cancer_15_Dendritic	0.00513478818998716	0.00245700245700246	0	0.00389863547758285
target_cancer_2_Dendritic	0.0051150895140665	0.0024390243902439	0	0.00388726919339164
target_cancer_20_Dendritic	0.00632111251580278	0.00477326968973747	0	0.00481695568400771
target_cancer_5_Dendritic	0.00510855683269476	0.0024330900243309	0	0.00388349514563107
target_cancer_13_Dendritic	0.00640204865556978	0.00488997555012225	0	0.00486381322957198
target_cancer_16_Dendritic	0.00522193211488251	0.00253807106598985	0	0.00394866732477789
target_cancer_17_Dendritic	0.00516795865633075	0.00248756218905473	0	0.0039177277179236
target_cancer_3_Dendritic	0.00516795865633075	0.00248756218905473	0	0.0039177277179236
target_cancer_4_Dendritic	0.00517464424320828	0.00249376558603491	0	0.00392156862745098
target_cancer_6_Dendritic	0.00518806744487678	0.0025062656641604	0	0.00392927308447937
target_cancer_7_Dendritic	0.00517464424320828	0.00249376558603491	0	0.00392156862745098
target_cancer_8_Dendritic	0.00391644908616188	0.00254452926208651	0	0.00296150049358342
target_cancer_21_Dendritic	0.0025706940874036	0.00247524752475248	0	0.00195121951219512
target_cancer_1_Dendritic	0.00130548302872063	0	0	0.000987166831194472
target_cancer_22_Dendritic	0.00130718954248366	0	0	0.000988142292490119
target_cancer_19_Dendritic	0.00131406044678055	0	0	0.000992063492063492
target_cancer_0_Mast-cells	0.00257400257400257	0.00248138957816377	0	0.001953125
target_cancer_12_Mast-cells	0.0012970168612192	0.00252525252525253	0	0.000982318271119843
target_cancer_14_Mast-cells	0.00257400257400257	0.00248138957816377	0	0.001953125
target_cancer_18_Mast-cells	0.00386100386100386	0.00496277915632754	0	0.0029296875
target_cancer_23_Mast-cells	0.00255427841634738	0.00244498777506112	0	0.00194174757281553
target_cancer_9_Mast-cells	0.00258732212160414	0.0025062656641604	0	0.00196078431372549
target_cancer_10_Mast-cells	0.00258732212160414	0.0025062656641604	0	0.00196078431372549
target_cancer_11_Mast-cells	0.00260078023407022	0.00253164556962025	0	0.00196850393700787
target_cancer_15_Mast-cells	0.0012987012987013	0.00253164556962025	0	0.000983284169124877
target_cancer_2_Mast-cells	0.00258397932816537	0.0025	0	0.0019588638589618
target_cancer_20_Mast-cells	0.00385109114249037	0.00493827160493827	0	0.00292397660818713
target_cancer_5_Mast-cells	0.00129533678756477	0.00251889168765743	0	0.00098135426889107
target_cancer_13_Mast-cells	0.0038860103626943	0.0050251256281407	0	0.00294406280667321
target_cancer_16_Mast-cells	0.00130890052356021	0.0025706940874036	0	0.000989119683481701
target_cancer_17_Mast-cells	0.0012987012987013	0.00253164556962025	0	0.000983284169124877
target_cancer_3_Mast-cells	0.00130039011703511	0.00253807106598985	0	0.000984251968503937
target_cancer_4_Mast-cells	0.0012987012987013	0.00253164556962025	0	0.000983284169124877
target_cancer_6_Mast-cells	0.00261096605744125	0.00255102040816327	0	0.00197433366238894
target_cancer_7_Mast-cells	0.00130039011703511	0.00253807106598985	0	0.000984251968503937
target_cancer_8_Mast-cells	0.0026246719160105	0.00257731958762887	0	0.00198216055500496
target_cancer_1_Mast-cells	0	0	0	0
target_cancer_19_Mast-cells	0	0	0	0
target_cancer_21_Mast-cells	0	0	0	0
target_cancer_22_Mast-cells	0	0	0	0
target_cancer_0_MF-Monocytes	0.00756620428751576	0.00236406619385343	0	0.00576923076923077
target_cancer_12_MF-Monocytes	0.00761421319796954	0.00239234449760766	0	0.00579710144927536
target_cancer_14_MF-Monocytes	0.00754716981132075	0.00235294117647059	0	0.00575815738963532
target_cancer_18_MF-Monocytes	0.00887198986058302	0.00477326968973747	0	0.00675675675675676
target_cancer_23_MF-Monocytes	0.00742574257425743	0.00228310502283105	0	0.00568720379146919
target_cancer_9_MF-Monocytes	0.00768245838668374	0.0024330900243309	0	0.00583657587548638
target_cancer_10_MF-Monocytes	0.00759493670886076	0.00238095238095238	0	0.00578592092574735
target_cancer_11_MF-Monocytes	0.00767263427109974	0.00242718446601942	0	0.00583090379008746
target_cancer_15_MF-Monocytes	0.00763358778625954	0.00240384615384615	0	0.00580832526621491
target_cancer_2_MF-Monocytes	0.00758533501896334	0.00237529691211401	0	0.00578034682080925
target_cancer_20_MF-Monocytes	0.00876095118898623	0.00466200466200466	0	0.00669216061185468
target_cancer_5_MF-Monocytes	0.00761421319796954	0.00239234449760766	0	0.00579710144927536
target_cancer_13_MF-Monocytes	0.00888324873096447	0.00478468899521531	0	0.00676328502415459
target_cancer_16_MF-Monocytes	0.00775193798449612	0.00247524752475248	0	0.00587659157688541
target_cancer_17_MF-Monocytes	0.00770218228498074	0.00244498777506112	0	0.00584795321637427
target_cancer_3_MF-Monocytes	0.00768245838668374	0.0024330900243309	0	0.00583657587548638
target_cancer_4_MF-Monocytes	0.00768245838668374	0.0024330900243309	0	0.00583657587548638
target_cancer_6_MF-Monocytes	0.0077319587628866	0.00246305418719212	0	0.00586510263929619
target_cancer_7_MF-Monocytes	0.00768245838668374	0.0024330900243309	0	0.00583657587548638
target_cancer_8_MF-Monocytes	0.00518134715025907	0.0025	0	0.00392541707556428
target_cancer_21_MF-Monocytes	0.00255754475703325	0.00245098039215686	0	0.00194363459669582
target_cancer_1_MF-Monocytes	0.00258397932816537	0	0	0.0019588638589618
target_cancer_22_MF-Monocytes	0.00390117035110533	0	0	0.00295275590551181
target_cancer_19_MF-Monocytes	0.00131578947368421	0	0	0.00099304865938431
target_cancer_0_pDCs	0.0025706940874036	0.00496277915632754	0	0.00195121951219512
target_cancer_12_pDCs	0.00259403372243839	0.00505050505050505	0	0.00196463654223969
target_cancer_14_pDCs	0.00256739409499358	0.00495049504950495	0	0.00194931773879142
target_cancer_18_pDCs	0.0012853470437018	0.00248138957816377	0	0.000975609756097561
target_cancer_23_pDCs	0.00254777070063694	0.0048780487804878	0	0.00193798449612403
target_cancer_9_pDCs	0.00259067357512953	0.00503778337531486	0	0.00196270853778214
target_cancer_10_pDCs	0.00258064516129032	0.005	0	0.00195694716242661
target_cancer_11_pDCs	0.0025974025974026	0.00506329113924051	0	0.00196656833824975
target_cancer_15_pDCs	0.0025974025974026	0.00506329113924051	0	0.00196656833824975
target_cancer_2_pDCs	0.00258397932816537	0.0050125313283208	0	0.0019588638589618
target_cancer_20_pDCs	0.00256410256410256	0.00493827160493827	0	0.00194741966893866
target_cancer_5_pDCs	0.00258064516129032	0.005	0	0.00195694716242661
target_cancer_13_pDCs	0.0025974025974026	0.00506329113924051	0	0.00196656833824975
target_cancer_16_pDCs	0.00262123197903014	0.00515463917525773	0	0.00198019801980198
target_cancer_17_pDCs	0.00260078023407022	0.0050761421319797	0	0.00196850393700787
target_cancer_3_pDCs	0.00260756192959583	0.00510204081632653	0	0.0019723865877712
target_cancer_4_pDCs	0.00260416666666667	0.00508905852417303	0	0.00197044334975369
target_cancer_6_pDCs	0.00260416666666667	0.00508905852417303	0	0.00197044334975369
target_cancer_7_pDCs	0.00260416666666667	0.00508905852417303	0	0.00197044334975369
target_cancer_8_pDCs	0.00262123197903014	0.00515463917525773	0	0.00198019801980198
target_cancer_21_pDCs	0.00129366106080207	0.00251256281407035	0	0.000980392156862745
target_cancer_1_pDCs	0.00130718954248366	0.00256410256410256	0	0.000988142292490119
target_cancer_19_pDCs	0.00131752305665349	0.00260416666666667	0	0.00099403578528827
target_cancer_22_pDCs	0	0	0	0
target_cancer_0_T-cells	0	0	0	0
target_cancer_12_T-cells	0	0	0	0
target_cancer_14_T-cells	0	0	0	0
target_cancer_18_T-cells	0	0	0	0
target_cancer_23_T-cells	0	0	0	0
target_cancer_9_T-cells	0	0	0	0
target_cancer_10_T-cells	0	0	0	0
target_cancer_11_T-cells	0	0	0	0
target_cancer_15_T-cells	0	0	0	0
target_cancer_2_T-cells	0	0	0	0
target_cancer_20_T-cells	0	0	0	0
target_cancer_5_T-cells	0	0	0	0
target_cancer_13_T-cells	0	0	0	0
target_cancer_1_T-cells	0	0	0	0
target_cancer_21_T-cells	0	0	0	0
target_cancer_16_T-cells	0	0	0	0
target_cancer_17_T-cells	0	0	0	0
target_cancer_22_T-cells	0	0	0	0
target_cancer_3_T-cells	0	0	0	0
target_cancer_4_T-cells	0	0	0	0
target_cancer_6_T-cells	0	0	0	0
target_cancer_7_T-cells	0	0	0	0
target_cancer_8_T-cells	0	0	0	0
target_cancer_19_T-cells	0	0	0	0
target_cancer_0_fibroblast	0.00752823086574655	0.00469483568075117	0	0.00671140939597315
target_cancer_12_fibroblast	0.00756620428751576	0.004739336492891	0	0.00673724735322425
target_cancer_14_fibroblast	0.0075187969924812	0.00468384074941452	0	0.00670498084291188
target_cancer_18_fibroblast	0.00754716981132075	0.00471698113207547	0	0.00575815738963532
target_cancer_23_fibroblast	0.00741656365883807	0.0045662100456621	0	0.00663507109004739
target_cancer_9_fibroblast	0.00638569604086846	0.0048661800486618	0	0.00485436893203883
target_cancer_10_fibroblast	0.00754716981132075	0.00471698113207547	0	0.00672430355427474
target_cancer_11_fibroblast	0.00632911392405063	0.00478468899521531	0	0.00579150579150579
target_cancer_15_fibroblast	0.00759493670886076	0.00477326968973747	0	0.00675675675675676
target_cancer_2_fibroblast	0.00753768844221105	0.00470588235294118	0	0.00575263662511985
target_cancer_20_fibroblast	0.00867410161090459	0.00688073394495413	0	0.00759734093067426
target_cancer_5_fibroblast	0.00754716981132075	0.00471698113207547	0	0.00672430355427474
target_cancer_1_fibroblast	0.00514800514800515	0.00246913580246914	0	0.00390625
target_cancer_17_fibroblast	0.00759493670886076	0.00477326968973747	0	0.00675675675675676
target_cancer_13_fibroblast	0.00883838383838384	0.00712589073634204	0	0.00770712909441233
target_cancer_22_fibroblast	0.00514800514800515	0	0	0.00488758553274682
target_cancer_16_fibroblast	0.00770218228498074	0.00490196078431373	0	0.00682926829268293
target_cancer_3_fibroblast	0.00763358778625954	0.00481927710843374	0	0.00678294573643411
target_cancer_4_fibroblast	0.00762388818297332	0.00480769230769231	0	0.00677637947725073
target_cancer_6_fibroblast	0.00641025641025641	0.00490196078431373	0	0.00486854917234664
target_cancer_7_fibroblast	0.00763358778625954	0.00481927710843374	0	0.00580832526621491
target_cancer_8_fibroblast	0.00518806744487678	0.0050251256281407	0	0.00392927308447937
target_cancer_21_fibroblast	0.0051413881748072	0.00493827160493827	0	0.00390243902439024
target_cancer_19_fibroblast	0.00391134289439374	0.00253807106598985	0	0.0029585798816568
target_cancer_0_alveolar_type_2	0.00501882057716437	0.00235294117647059	0	0.00479386385426654
target_cancer_12_alveolar_type_2	0.00506329113924051	0.00479616306954436	0	0.00579710144927536
target_cancer_14_alveolar_type_2	0.0050125313283208	0.00234741784037559	0	0.00478927203065134
target_cancer_15_alveolar_type_2	0.00505689001264223	0.00478468899521531	0	0.00579150579150579
target_cancer_23_alveolar_type_2	0.00496277915632754	0.00230414746543779	0	0.00475285171102662
target_cancer_20_alveolar_type_2	0.00497512437810945	0.00697674418604651	0	0.00571973307912297
target_cancer_1_alveolar_type_2	0.00257731958762887	0.00248756218905473	0	0.00293542074363992
target_cancer_2_alveolar_type_2	0.00505050505050505	0.00477326968973747	0	0.00481695568400771
target_cancer_17_alveolar_type_2	0.00504413619167718	0.00476190476190476	0	0.00578034682080925
target_cancer_13_alveolar_type_2	0.00632111251580278	0.00717703349282297	0	0.00675675675675676
target_cancer_10_alveolar_type_2	0.0050314465408805	0.004739336492891	0	0.00576923076923077
target_cancer_11_alveolar_type_2	0.00510204081632653	0.00731707317073171	0	0.00583090379008746
target_cancer_18_alveolar_type_2	0.00629722921914358	0.00712589073634204	0	0.00576923076923077
target_cancer_5_alveolar_type_2	0.0050125313283208	0.00470588235294118	0	0.00575263662511985
target_cancer_6_alveolar_type_2	0.00382165605095541	0.0048661800486618	0	0.00387972841901067
target_cancer_9_alveolar_type_2	0.0038265306122449	0.0048780487804878	0	0.00388349514563107
target_cancer_16_alveolar_type_2	0.0051150895140665	0.00488997555012225	0	0.00584225900681597
target_cancer_3_alveolar_type_2	0.00506970849176172	0.00480769230769231	0	0.00580270793036751
target_cancer_4_alveolar_type_2	0.00506970849176172	0.00480769230769231	0	0.00580270793036751
target_cancer_7_alveolar_type_2	0.00509554140127389	0.00485436893203883	0	0.00484966052376334
target_cancer_8_alveolar_type_2	0.00129366106080207	0.00503778337531486	0	0.00196270853778214
target_cancer_21_alveolar_type_2	0.00128865979381443	0.005	0	0.00195694716242661
target_cancer_22_alveolar_type_2	0.00385109114249037	0.00246305418719212	0	0.0048828125
target_cancer_19_alveolar_type_2	0	0	0	0
target_cancer_0_basal_cell	0.00503778337531486	0.0023696682464455	0	0.00480769230769231
target_cancer_12_basal_cell	0.00503778337531486	0.00475059382422803	0	0.00577478344562079
target_cancer_14_basal_cell	0.0050125313283208	0.00234741784037559	0	0.00478927203065134
target_cancer_15_basal_cell	0.00505050505050505	0.00477326968973747	0	0.00578592092574735
target_cancer_23_basal_cell	0.00496277915632754	0.00230414746543779	0	0.00475285171102662
target_cancer_20_basal_cell	0.0062111801242236	0.00694444444444444	0	0.00666666666666667
target_cancer_1_basal_cell	0.00384122919334187	0.00491400491400491	0	0.00389483933787731
target_cancer_2_basal_cell	0.0050314465408805	0.004739336492891	0	0.0048030739673391
target_cancer_17_basal_cell	0.00504413619167718	0.00476190476190476	0	0.00578034682080925
target_cancer_13_basal_cell	0.00632111251580278	0.00717703349282297	0	0.00675675675675676
target_cancer_10_basal_cell	0.00503778337531486	0.00475059382422803	0	0.00577478344562079
target_cancer_11_basal_cell	0.00380228136882129	0.00481927710843374	0	0.00483558994197292
target_cancer_18_basal_cell	0.006265664160401	0.00705882352941176	0	0.00574712643678161
target_cancer_5_basal_cell	0.00503778337531486	0.00475059382422803	0	0.00577478344562079
target_cancer_9_basal_cell	0.00382165605095541	0.0048661800486618	0	0.00387972841901067
target_cancer_22_basal_cell	0.00510204081632653	0.0048661800486618	0	0.00583090379008746
target_cancer_4_basal_cell	0.00508259212198221	0.00483091787439614	0	0.00581395348837209
target_cancer_6_basal_cell	0.00384122919334187	0.00491400491400491	0	0.00389483933787731
target_cancer_3_basal_cell	0.00510204081632653	0.0048661800486618	0	0.00583090379008746
target_cancer_7_basal_cell	0.00510204081632653	0.0048661800486618	0	0.00485436893203883
target_cancer_19_basal_cell	0.00130718954248366	0	0	0.000988142292490119
target_cancer_21_basal_cell	0.00256739409499358	0.00495049504950495	0	0.00292682926829268
target_cancer_16_basal_cell	0.0051413881748072	0.00493827160493827	0	0.00586510263929619
target_cancer_8_basal_cell	0.00389105058365759	0.00503778337531486	0	0.00393313667649951
target_cancer_0_ciliated_cell	0.0038860103626943	0	0	0.00392927308447937
target_cancer_10_ciliated_cell	0.00387096774193548	0	0	0.0039177277179236
target_cancer_11_ciliated_cell	0.00259067357512953	0	0	0.00294695481335953
target_cancer_13_ciliated_cell	0.00389105058365759	0	0	0.00393313667649951
target_cancer_14_ciliated_cell	0.0038659793814433	0	0	0.00391389432485323
target_cancer_15_ciliated_cell	0.0038860103626943	0	0	0.00392927308447937
target_cancer_18_ciliated_cell	0.00391134289439374	0	0	0.0029585798816568
target_cancer_2_ciliated_cell	0.00387596899224806	0	0	0.0029382957884427
target_cancer_20_ciliated_cell	0.0038560411311054	0	0	0.00390625
target_cancer_23_ciliated_cell	0.0038560411311054	0	0	0.00390625
target_cancer_5_ciliated_cell	0.00387096774193548	0	0	0.0039177277179236
target_cancer_6_ciliated_cell	0.00260756192959583	0	0	0.0019723865877712
target_cancer_9_ciliated_cell	0.00260756192959583	0	0	0.0019723865877712
target_cancer_1_ciliated_cell	0.00260078023407022	0	0	0.00196850393700787
target_cancer_22_ciliated_cell	0.00390117035110533	0	0	0.00394088669950739
target_cancer_12_ciliated_cell	0.0038961038961039	0	0	0.00393700787401575
target_cancer_16_ciliated_cell	0.00390117035110533	0	0	0.00394088669950739
target_cancer_17_ciliated_cell	0.00389105058365759	0	0	0.00393313667649951
target_cancer_3_ciliated_cell	0.0038961038961039	0	0	0.00393700787401575
target_cancer_4_ciliated_cell	0.0038961038961039	0	0	0.00393700787401575
target_cancer_7_ciliated_cell	0.00390625	0	0	0.00295566502463054
target_cancer_21_ciliated_cell	0.00130378096479791	0	0	0.000986193293885602
target_cancer_8_ciliated_cell	0.00261437908496732	0	0	0.00197628458498024
target_cancer_19_ciliated_cell	0.00131578947368421	0	0	0.00099304865938431
target_cancer_0_club cell	0.00627352572145546	0.00470588235294118	0	0.00575263662511985
target_cancer_10_club cell	0.00624219725343321	0.00700934579439252	0	0.00669216061185468
target_cancer_11_club cell	0.00504413619167718	0.00715990453460621	0	0.00578034682080925
target_cancer_12_club cell	0.00628930817610063	0.00710900473933649	0	0.00673076923076923
target_cancer_13_club cell	0.00752823086574655	0.00943396226415094	0	0.00767754318618042
target_cancer_14_club cell	0.00625782227784731	0.00468384074941452	0	0.00574162679425837
target_cancer_15_club cell	0.00629722921914358	0.00712589073634204	0	0.00673724735322425
target_cancer_17_club cell	0.00625782227784731	0.00704225352112676	0	0.00670498084291188
target_cancer_18_club cell	0.00625782227784731	0.00704225352112676	0	0.00574162679425837
target_cancer_2_club cell	0.00628930817610063	0.00710900473933649	0	0.00576368876080692
target_cancer_20_club cell	0.00738916256157635	0.00911161731207289	0	0.0075685903500473
target_cancer_23_club cell	0.00617283950617284	0.0045662100456621	0	0.00568181818181818
target_cancer_5_club cell	0.00624219725343321	0.00700934579439252	0	0.00669216061185468
target_cancer_6_club cell	0.00504413619167718	0.00715990453460621	0	0.00481231953801732
target_cancer_9_club cell	0.00504413619167718	0.00715990453460621	0	0.00481231953801732
target_cancer_22_club cell	0.0038265306122449	0.0024330900243309	0	0.00485908649173955
target_cancer_4_club cell	0.00630517023959647	0.00714285714285714	0	0.00674373795761079
target_cancer_1_club cell	0.00385109114249037	0.00493827160493827	0	0.00390243902439024
target_cancer_3_club cell	0.00630517023959647	0.00714285714285714	0	0.00674373795761079
target_cancer_7_club cell	0.00632911392405063	0.00719424460431655	0	0.00579150579150579
target_cancer_16_club cell	0.00638569604086846	0.00731707317073171	0	0.00680933852140078
target_cancer_8_club cell	0.00516795865633075	0.0075	0	0.00490196078431373
target_cancer_21_club cell	0.00256410256410256	0.00742574257425743	0	0.00292397660818713
target_cancer_19_club cell	0.00130378096479791	0.00255102040816327	0	0.000986193293885602
target_cancer_0_hepatocyte	0.00384122919334187	0.00245098039215686	0	0.00291828793774319
target_cancer_10_hepatocyte	0.00512820512820513	0.00738916256157635	0	0.00487329434697856
target_cancer_11_hepatocyte	0.00387596899224806	0.0075187969924812	0	0.00392156862745098
target_cancer_12_hepatocyte	0.00387596899224806	0.005	0	0.00392156862745098
target_cancer_13_hepatocyte	0.00514800514800515	0.00744416873449132	0	0.00488758553274682
target_cancer_14_hepatocyte	0.00385109114249037	0.00246305418719212	0	0.00292397660818713
target_cancer_15_hepatocyte	0.00387096774193548	0.00498753117206983	0	0.0039177277179236
target_cancer_17_hepatocyte	0.00388098318240621	0.0050125313283208	0	0.00392541707556428
target_cancer_18_hepatocyte	0.00514800514800515	0.00744416873449132	0	0.00488758553274682
target_cancer_2_hepatocyte	0.00383631713554987	0.00490196078431373	0	0.00389105058365759
target_cancer_20_hepatocyte	0.0051150895140665	0.00735294117647059	0	0.00486381322957198
target_cancer_23_hepatocyte	0.0038265306122449	0.0024330900243309	0	0.002909796314258
target_cancer_5_hepatocyte	0.00385109114249037	0.00493827160493827	0	0.00390243902439024
target_cancer_6_hepatocyte	0.00259067357512953	0.00503778337531486	0	0.00294695481335953
target_cancer_9_hepatocyte	0.00388098318240621	0.00753768844221105	0	0.00392541707556428
target_cancer_16_hepatocyte	0.00389105058365759	0.00503778337531486	0	0.00393313667649951
target_cancer_3_hepatocyte	0.00387096774193548	0.00498753117206983	0	0.0039177277179236
target_cancer_4_hepatocyte	0.00386100386100386	0.00496277915632754	0	0.00391006842619746
target_cancer_7_hepatocyte	0.00517464424320828	0.0075187969924812	0	0.00490677134445535
target_cancer_8_hepatocyte	0.0012987012987013	0.0050761421319797	0	0.00196850393700787
target_cancer_21_hepatocyte	0.00129198966408269	0.0050251256281407	0	0.00196078431372549
target_cancer_19_hepatocyte	0	0	0	0
target_cancer_22_hepatocyte	0.00260416666666667	0.00253807106598985	0	0.0029585798816568
target_cancer_1_hepatocyte	0.0012987012987013	0.00253164556962025	0	0.00196850393700787
target_cancer_0_ionocyte	0.00640204865556978	0.00488997555012225	0	0.00584225900681597
target_cancer_10_ionocyte	0.00634517766497462	0.0072289156626506	0	0.00677637947725073
target_cancer_11_ionocyte	0.00513478818998716	0.00740740740740741	0	0.005859375
target_cancer_12_ionocyte	0.006426735218509	0.00740740740740741	0	0.00684261974584555
target_cancer_13_ionocyte	0.00639386189258312	0.00733496332518337	0	0.0068159688412853
target_cancer_14_ionocyte	0.00638569604086846	0.0048661800486618	0	0.00583090379008746
target_cancer_15_ionocyte	0.00640204865556978	0.00735294117647059	0	0.00682261208576998
target_cancer_17_ionocyte	0.00636942675159236	0.00728155339805825	0	0.00679611650485437
target_cancer_18_ionocyte	0.00508905852417303	0.00484261501210654	0	0.00484496124031008
target_cancer_2_ionocyte	0.00637755102040816	0.0072992700729927	0	0.0058252427184466
target_cancer_20_ionocyte	0.00631313131313131	0.00715990453460621	0	0.00675024108003857
target_cancer_23_ionocyte	0.00631313131313131	0.00476190476190476	0	0.00578034682080925
target_cancer_5_ionocyte	0.00632911392405063	0.00719424460431655	0	0.00676328502415459
target_cancer_6_ionocyte	0.00514800514800515	0.00744416873449132	0	0.00488758553274682
target_cancer_9_ionocyte	0.00512820512820513	0.00738916256157635	0	0.00487329434697856
target_cancer_16_ionocyte	0.00645161290322581	0.00746268656716418	0	0.00686274509803922
target_cancer_3_ionocyte	0.00638569604086846	0.00731707317073171	0	0.00680933852140078
target_cancer_4_ionocyte	0.00639386189258312	0.00733496332518337	0	0.0068159688412853
target_cancer_7_ionocyte	0.006426735218509	0.00740740740740741	0	0.005859375
target_cancer_8_ionocyte	0.00521512385919166	0.00763358778625954	0	0.00493583415597236
target_cancer_21_ionocyte	0.00259403372243839	0.00759493670886076	0	0.00294985250737463
target_cancer_1_ionocyte	0.00390117035110533	0.00506329113924051	0	0.00394088669950739
target_cancer_19_ionocyte	0	0	0	0
target_cancer_22_ionocyte	0.00387096774193548	0.00248756218905473	0	0.00490196078431373
target_cancer_0_alveolar_type_1	0.00509554140127389	0.00485436893203883	0	0.00484966052376334
target_cancer_10_alveolar_type_1	0.00508259212198221	0.00726392251815981	0	0.00581395348837209
target_cancer_11_alveolar_type_1	0.00383141762452107	0.00735294117647059	0	0.00486381322957198
target_cancer_12_alveolar_type_1	0.00513478818998716	0.00740740740740741	0	0.005859375
target_cancer_13_alveolar_type_1	0.00639386189258312	0.00980392156862745	0	0.0068159688412853
target_cancer_14_alveolar_type_1	0.00510204081632653	0.0048661800486618	0	0.00485436893203883
target_cancer_15_alveolar_type_1	0.00512820512820513	0.00738916256157635	0	0.00585365853658537
target_cancer_16_alveolar_type_1	0.00517464424320828	0.0075187969924812	0	0.00589390962671906
target_cancer_17_alveolar_type_1	0.00510855683269476	0.00733496332518337	0	0.00583657587548638
target_cancer_18_alveolar_type_1	0.00510855683269476	0.00733496332518337	0	0.00485908649173955
target_cancer_2_alveolar_type_1	0.00512163892445583	0.00737100737100737	0	0.00486854917234664
target_cancer_20_alveolar_type_1	0.00631313131313131	0.00956937799043062	0	0.00675024108003857
target_cancer_23_alveolar_type_1	0.00503778337531486	0.00475059382422803	0	0.00480769230769231
target_cancer_3_alveolar_type_1	0.00512820512820513	0.00738916256157635	0	0.00585365853658537
target_cancer_4_alveolar_type_1	0.00512163892445583	0.00737100737100737	0	0.00584795321637427
target_cancer_5_alveolar_type_1	0.00508905852417303	0.00728155339805825	0	0.005819592628516
target_cancer_6_alveolar_type_1	0.00384615384615385	0.00740740740740741	0	0.00389863547758285
target_cancer_7_alveolar_type_1	0.00513478818998716	0.00740740740740741	0	0.0048780487804878
target_cancer_8_alveolar_type_1	0.0038961038961039	0.00759493670886076	0	0.00393700787401575
target_cancer_9_alveolar_type_1	0.00385109114249037	0.00742574257425743	0	0.00390243902439024
target_cancer_21_alveolar_type_1	0.00259067357512953	0.00757575757575758	0	0.00294695481335953
target_cancer_1_alveolar_type_1	0.00259403372243839	0.00505050505050505	0	0.00294985250737463
target_cancer_22_alveolar_type_1	0.00259403372243839	0.00251889168765743	0	0.00393700787401575
target_cancer_19_alveolar_type_1	0.00131061598951507	0.00257731958762887	0	0.00099009900990099
target_cancer_0_endothelial	0.00635324015247776	0.00481927710843374	0	0.00580832526621491
target_cancer_10_endothelial	0.00629722921914358	0.00712589073634204	0	0.00673724735322425
target_cancer_11_endothelial	0.00509554140127389	0.0072992700729927	0	0.0058252427184466
target_cancer_12_endothelial	0.00636132315521628	0.00726392251815981	0	0.00678952473326867
target_cancer_13_endothelial	0.00633713561470215	0.00721153846153846	0	0.00676982591876209
target_cancer_14_endothelial	0.00632911392405063	0.00478468899521531	0	0.00579150579150579
target_cancer_15_endothelial	0.00636132315521628	0.00726392251815981	0	0.00678952473326867
target_cancer_16_endothelial	0.00640204865556978	0.00735294117647059	0	0.00682261208576998
target_cancer_17_endothelial	0.00632911392405063	0.00719424460431655	0	0.00676328502415459
target_cancer_18_endothelial	0.00506970849176172	0.00480769230769231	0	0.00483091787439614
target_cancer_2_endothelial	0.00633713561470215	0.00721153846153846	0	0.00579710144927536
target_cancer_20_endothelial	0.0062266500622665	0.00697674418604651	0	0.0066793893129771
target_cancer_23_endothelial	0.00624219725343321	0.00466200466200466	0	0.00573065902578797
target_cancer_3_endothelial	0.00634517766497462	0.0072289156626506	0	0.00677637947725073
target_cancer_4_endothelial	0.00633713561470215	0.00721153846153846	0	0.00676982591876209
target_cancer_5_endothelial	0.00629722921914358	0.00712589073634204	0	0.00673724735322425
target_cancer_6_endothelial	0.00510204081632653	0.00731707317073171	0	0.00485436893203883
target_cancer_7_endothelial	0.00636942675159236	0.00728155339805825	0	0.005819592628516
target_cancer_8_endothelial	0.0038860103626943	0.00755667506297229	0	0.00392927308447937
target_cancer_9_endothelial	0.00512820512820513	0.00738916256157635	0	0.00487329434697856
target_cancer_21_endothelial	0.00256739409499358	0.00744416873449132	0	0.00292682926829268
target_cancer_1_endothelial	0.00388098318240621	0.0050125313283208	0	0.00392541707556428
target_cancer_19_endothelial	0.00130548302872063	0.00255754475703325	0	0.000987166831194472
target_cancer_22_endothelial	0.00385109114249037	0.00246305418719212	0	0.0048828125
target_cancer_11_melanocytes	0.00384615384615385	0.00492610837438424	0	0.0048780487804878
target_cancer_1_melanocytes	0.00259067357512953	0.00251256281407035	0	0.00294695481335953
target_cancer_21_melanocytes	0.00129032258064516	0.0025	0	0.0019588638589618
target_cancer_0_melanocytes	0.00381194409148666	0	0	0.00387221684414327
target_cancer_10_melanocytes	0.00510204081632653	0.0048661800486618	0	0.00583090379008746
target_cancer_12_melanocytes	0.00385109114249037	0.00246305418719212	0	0.0048828125
target_cancer_13_melanocytes	0.0038265306122449	0.0024330900243309	0	0.00485908649173955
target_cancer_14_melanocytes	0.00381679389312977	0	0	0.00387596899224806
target_cancer_15_melanocytes	0.00384615384615385	0.00245700245700246	0	0.0048780487804878
target_cancer_16_melanocytes	0.00388098318240621	0.0025	0	0.00491159135559921
target_cancer_17_melanocytes	0.00383631713554987	0.00244498777506112	0	0.00486854917234664
target_cancer_18_melanocytes	0.00382165605095541	0.00242718446601942	0	0.00387972841901067
target_cancer_19_melanocytes	0.00130378096479791	0	0	0.000986193293885602
target_cancer_2_melanocytes	0.00383141762452107	0.0024390243902439	0	0.00388726919339164
target_cancer_20_melanocytes	0.00378787878787879	0.00238663484486874	0	0.00482160077145612
target_cancer_22_melanocytes	0.00387596899224806	0.00249376558603491	0	0.00490677134445535
target_cancer_23_melanocytes	0.00380228136882129	0	0	0.00386473429951691
target_cancer_3_melanocytes	0.00513478818998716	0.00492610837438424	0	0.005859375
target_cancer_4_melanocytes	0.00385109114249037	0.00246305418719212	0	0.0048828125
target_cancer_5_melanocytes	0.00382165605095541	0.00242718446601942	0	0.00485436893203883
target_cancer_6_melanocytes	0.00386100386100386	0.00496277915632754	0	0.00391006842619746
target_cancer_7_melanocytes	0.0051150895140665	0.00488997555012225	0	0.00486381322957198
target_cancer_9_melanocytes	0.00385109114249037	0.00493827160493827	0	0.00390243902439024
target_cancer_8_melanocytes	0.0012987012987013	0.00253164556962025	0	0.00196850393700787
target_cancer_21_Neutrophils	0	0	0	0.000989119683481701
target_cancer_0_Neutrophils	0.00259067357512953	0	0	0.00294695481335953
target_cancer_10_Neutrophils	0.00260416666666667	0	0	0.0029585798816568
target_cancer_11_Neutrophils	0.00261780104712042	0	0	0.00297029702970297
target_cancer_13_Neutrophils	0.00260756192959583	0	0	0.00296150049358342
target_cancer_14_Neutrophils	0.00259067357512953	0	0	0.00294695481335953
target_cancer_18_Neutrophils	0.00260756192959583	0	0	0.0019723865877712
target_cancer_2_Neutrophils	0.00260416666666667	0	0	0.0029585798816568
target_cancer_20_Neutrophils	0.0025974025974026	0	0	0.00295275590551181
target_cancer_23_Neutrophils	0.0025974025974026	0	0	0.00295275590551181
target_cancer_6_Neutrophils	0.00261780104712042	0	0	0.00297029702970297
target_cancer_8_Neutrophils	0.0026246719160105	0	0	0.00297619047619048
target_cancer_9_Neutrophils	0.00260416666666667	0	0	0.0029585798816568
target_cancer_12_Neutrophils	0.00262123197903014	0	0	0.00297324083250743
target_cancer_15_Neutrophils	0.00261096605744125	0	0	0.00296442687747036
target_cancer_16_Neutrophils	0.0026281208935611	0	0	0.00297914597815293
target_cancer_17_Neutrophils	0.00263157894736842	0	0	0.00298210735586481
target_cancer_3_Neutrophils	0.0026246719160105	0	0	0.00297619047619048
target_cancer_4_Neutrophils	0.0026281208935611	0	0	0.00297914597815293
target_cancer_5_Neutrophils	0.00260756192959583	0	0	0.00296150049358342
target_cancer_7_Neutrophils	0.0026281208935611	0	0	0.00297914597815293
target_cancer_1_Neutrophils	0	0	0	0.000991080277502478
target_cancer_22_Neutrophils	0	0	0	0.00099502487562189
target_cancer_19_Neutrophils	0	0	0	0
target_cancer_10_stroma	0.0038560411311054	0.00495049504950495	0	0.00488758553274682
target_cancer_12_stroma	0.00258732212160414	0.0025062656641604	0	0.00392927308447937
target_cancer_13_stroma	0.00257731958762887	0.00248756218905473	0	0.0039177277179236
target_cancer_15_stroma	0.00387596899224806	0.005	0	0.00490677134445535
target_cancer_16_stroma	0.0038659793814433	0.00497512437810945	0	0.00489715964740451
target_cancer_17_stroma	0.00385109114249037	0.00493827160493827	0	0.0048828125
target_cancer_18_stroma	0.00257731958762887	0.00248756218905473	0	0.00293542074363992
target_cancer_2_stroma	0.00256410256410256	0.00246305418719212	0	0.00292397660818713
target_cancer_20_stroma	0.0038265306122449	0.0048780487804878	0	0.00485908649173955
target_cancer_3_stroma	0.0038560411311054	0.00495049504950495	0	0.00488758553274682
target_cancer_4_stroma	0.0038560411311054	0.00495049504950495	0	0.00488758553274682
target_cancer_5_stroma	0.00384122919334187	0.00491400491400491	0	0.00487329434697856
target_cancer_7_stroma	0.00387596899224806	0.005	0	0.00392156862745098
target_cancer_1_stroma	0.00258732212160414	0.0050251256281407	0	0.00294406280667321
target_cancer_0_stroma	0.0038560411311054	0.00246913580246914	0	0.00390625
target_cancer_11_stroma	0.00257731958762887	0.00498753117206983	0	0.0039177277179236
target_cancer_14_stroma	0.00257400257400257	0	0	0.00293255131964809
target_cancer_22_stroma	0.00258732212160414	0.0025062656641604	0	0.00392927308447937
target_cancer_23_stroma	0.00255427841634738	0	0	0.00291545189504373
target_cancer_6_stroma	0.00259067357512953	0.00503778337531486	0	0.00294695481335953
target_cancer_8_stroma	0.00130208333333333	0.00254452926208651	0	0.0019723865877712
target_cancer_9_stroma	0.00259067357512953	0.00503778337531486	0	0.00294695481335953
target_cancer_19_stroma	0	0	0	0
target_cancer_21_stroma	0	0.00253807106598985	0	0.000984251968503937
target_cancer_0_neuro_e_cell	0.00259403372243839	0	0	0.00196463654223969
target_cancer_10_neuro_e_cell	0.00259403372243839	0.00251889168765743	0	0.00294985250737463
target_cancer_11_neuro_e_cell	0.00130039011703511	0.00253807106598985	0	0.00197044334975369
target_cancer_12_neuro_e_cell	0.00260416666666667	0.00253807106598985	0	0.0029585798816568
target_cancer_13_neuro_e_cell	0.00259403372243839	0.00251889168765743	0	0.00294985250737463
target_cancer_14_neuro_e_cell	0.00258732212160414	0	0	0.00196078431372549
target_cancer_15_neuro_e_cell	0.0025974025974026	0.00252525252525253	0	0.00295275590551181
target_cancer_16_neuro_e_cell	0.00259403372243839	0.00251889168765743	0	0.00294985250737463
target_cancer_17_neuro_e_cell	0.00258397932816537	0.0025	0	0.00294117647058824
target_cancer_18_neuro_e_cell	0.00258397932816537	0.0025	0	0.00294117647058824
target_cancer_2_neuro_e_cell	0.00259067357512953	0.00251256281407035	0	0.00294695481335953
target_cancer_20_neuro_e_cell	0.00257400257400257	0.00248138957816377	0	0.00293255131964809
target_cancer_22_neuro_e_cell	0.00259403372243839	0.00251889168765743	0	0.00294985250737463
target_cancer_23_neuro_e_cell	0.00258732212160414	0	0	0.00196078431372549
target_cancer_3_neuro_e_cell	0.00259067357512953	0.00251256281407035	0	0.00294695481335953
target_cancer_4_neuro_e_cell	0.00259067357512953	0.00251256281407035	0	0.00294695481335953
target_cancer_5_neuro_e_cell	0.00258397932816537	0.0025	0	0.00294117647058824
target_cancer_6_neuro_e_cell	0.0012987012987013	0.00253164556962025	0	0.00196850393700787
target_cancer_7_neuro_e_cell	0.00259403372243839	0.00251889168765743	0	0.00294985250737463
target_cancer_8_neuro_e_cell	0.00130718954248366	0.00256410256410256	0	0.0019782393669634
target_cancer_9_neuro_e_cell	0.0012970168612192	0.00252525252525253	0	0.00196656833824975
target_cancer_19_neuro_e_cell	0	0	0	0
target_cancer_1_neuro_e_cell	0.00130718954248366	0.00256410256410256	0	0.0019782393669634
target_cancer_21_neuro_e_cell	0	0.00258397932816537	0	0.000991080277502478
source_cancer_16_cancer	0.0162297128589263	0.0162037037037037	0	0.0124045801526718
source_cancer_17_cancer	0.017156862745098	0.0133630289532294	0	0.0112676056338028
source_cancer_18_cancer	0.00715137067938021	0.00642398286937901	0	0.00645161290322581
source_cancer_23_cancer	0.0163170163170163	0.0142857142857143	0	0.0126696832579186
source_cancer_3_cancer	0.0171779141104294	0.0133928571428571	0	0.0112781954887218
source_cancer_4_cancer	0.0171149144254279	0.0133037694013304	0	0.0112464854732896
source_cancer_5_cancer	0.0156626506024096	0.0151843817787419	0	0.0130111524163569
source_cancer_14_cancer	0.014218009478673	0.0147679324894515	0	0.0119266055045872
source_cancer_15_cancer	0.0184049079754601	0.015625	0	0.0141242937853107
source_cancer_2_cancer	0.0109356014580802	0.00883002207505519	0	0.00841121495327103
source_cancer_6_cancer	0.0134474327628362	0.0111358574610245	0	0.00938086303939963
source_cancer_9_cancer	0.01338199513382	0.011037527593819	0	0.00934579439252336
source_cancer_0_cancer	0.015531660692951	0.0127931769722814	0	0.0119926199261993
source_cancer_10_cancer	0.0155502392344498	0.0149892933618844	0	0.0120036934441367
source_cancer_11_cancer	0.0146163215590743	0.0155210643015521	0	0.0131332082551595
source_cancer_12_cancer	0.0169286577992745	0.0152505446623094	0	0.0130353817504655
source_cancer_20_cancer	0.015531660692951	0.014957264957265	0	0.012927054478301
source_cancer_19_cancer	0.00381679389312977	0.00242130750605327	0	0.00387596899224806
source_cancer_22_cancer	0.00623441396508728	0.00232018561484919	0	0.00476644423260248
source_cancer_1_cancer	0.0139240506329114	0.0118764845605701	0	0.00866217516843118
source_cancer_13_cancer	0.0186567164179104	0.0206896551724138	0.0240963855421687	0.0142721217887726
source_cancer_21_cancer	0.0137844611528822	0.0116550116550117	0	0.00763358778625954
source_cancer_7_cancer	0.0199750312109863	0.0160919540229885	0.0121951219512195	0.0142993326978074
source_cancer_8_cancer	0.00759493670886076	0.00717703349282297	0	0.00675675675675676
source_cancer_16_Dendritic	0.0140664961636829	0.0145631067961165	0	0.00970873786407767
source_cancer_17_Dendritic	0.0139949109414758	0.0119904076738609	0	0.00869565217391304
source_cancer_18_Dendritic	0.00505689001264223	0.00478468899521531	0	0.00385356454720617
source_cancer_3_Dendritic	0.0139593908629442	0.0119331742243437	0	0.00867888138862102
source_cancer_4_Dendritic	0.0139771283354511	0.0119617224880383	0	0.00868725868725869
source_cancer_5_Dendritic	0.0137844611528822	0.014018691588785	0	0.0105263157894737
source_cancer_14_Dendritic	0.0112923462986198	0.0141176470588235	0	0.00958772770853308
source_cancer_15_Dendritic	0.0151706700379267	0.014218009478673	0	0.0115606936416185
source_cancer_2_Dendritic	0.0101137800252845	0.00952380952380952	0	0.00673724735322425
source_cancer_6_Dendritic	0.0126422250316056	0.00947867298578199	0	0.00866217516843118
source_cancer_9_Dendritic	0.0114068441064639	0.00954653937947494	0	0.0077145612343298
source_cancer_0_Dendritic	0.0126422250316056	0.0118764845605701	0	0.00963391136801541
source_cancer_1_Dendritic	0.0102960102960103	0.00985221674876847	0	0.00682926829268293
source_cancer_10_Dendritic	0.0138190954773869	0.0140845070422535	0	0.00957854406130268
source_cancer_11_Dendritic	0.0125944584382872	0.0141843971631206	0	0.0105769230769231
source_cancer_12_Dendritic	0.0151133501259446	0.0141176470588235	0	0.0115273775216138
source_cancer_13_Dendritic	0.0140127388535032	0.0144578313253012	0	0.0106589147286822
source_cancer_20_Dendritic	0.0138364779874214	0.0141176470588235	0	0.0105566218809981
source_cancer_21_Dendritic	0.0115681233933162	0.00980392156862745	0	0.0068159688412853
source_cancer_7_Dendritic	0.0154043645699615	0.0121654501216545	0	0.0107108081791626
source_cancer_8_Dendritic	0.0102432778489117	0.0122249388753056	0	0.00778210116731518
source_cancer_19_Dendritic	0.0025974025974026	0	0	0.00196656833824975
source_cancer_23_Dendritic	0.013715710723192	0.0138888888888889	0	0.0104861773117255
source_cancer_22_Dendritic	0.0038560411311054	0	0	0.00194931773879142
source_cancer_16_fibroblast	0.00776196636481242	0.00497512437810945	0	0.00489715964740451
source_cancer_17_fibroblast	0.0089628681177977	0.00242718446601942	0	0.00485436893203883
source_cancer_18_fibroblast	0.00628140703517588	0.00471698113207547	0	0.00479386385426654
source_cancer_23_fibroblast	0.00625	0.00467289719626168	0	0.00573613766730402
source_cancer_3_fibroblast	0.00893997445721584	0.00484261501210654	0	0.00484496124031008
source_cancer_4_fibroblast	0.0076530612244898	0.00241545893719807	0	0.00387221684414327
source_cancer_5_fibroblast	0.0101137800252845	0.00952380952380952	0	0.00770712909441233
source_cancer_14_fibroblast	0.00628140703517588	0.00471698113207547	0	0.00575815738963532
source_cancer_15_fibroblast	0.00764331210191083	0.00483091787439614	0	0.00678952473326867
source_cancer_2_fibroblast	0.00760456273764259	0.00238663484486874	0	0.00482160077145612
source_cancer_6_fibroblast	0.00892857142857143	0.00483091787439614	0	0.00678952473326867
source_cancer_9_fibroblast	0.0089058524173028	0.00480769230769231	0	0.00580270793036751
source_cancer_22_fibroblast	0.00516129032258065	0	0	0.00293255131964809
source_cancer_0_fibroblast	0.00628140703517588	0.00235294117647059	0	0.00479386385426654
source_cancer_1_fibroblast	0.00910273081924577	0.00753768844221105	0	0.00491159135559921
source_cancer_10_fibroblast	0.0138539042821159	0.0141509433962264	0	0.00959692898272553
source_cancer_11_fibroblast	0.0139064475347661	0.0142517814726841	0	0.010597302504817
source_cancer_12_fibroblast	0.00763358778625954	0.00481927710843374	0	0.00678294573643411
source_cancer_13_fibroblast	0.012853470437018	0.0122549019607843	0.0384615384615385	0.00975609756097561
source_cancer_20_fibroblast	0.00757575757575758	0.00475059382422803	0	0.00674373795761079
source_cancer_21_fibroblast	0.00518806744487678	0	0	0.00196078431372549
source_cancer_7_fibroblast	0.0128700128700129	0.0122850122850123	0.0192307692307692	0.009765625
source_cancer_8_fibroblast	0.00518134715025907	0.0025	0	0.00392541707556428
source_cancer_19_fibroblast	0.00260078023407022	0	0	0.00196850393700787
source_cancer_16_MF-Monocytes	0.0140845070422535	0.0145985401459854	0	0.00971817298347911
source_cancer_17_MF-Monocytes	0.0140485312899106	0.0120772946859903	0	0.00872093023255814
source_cancer_18_MF-Monocytes	0.00505050505050505	0.00477326968973747	0	0.00384985563041386
source_cancer_23_MF-Monocytes	0.013715710723192	0.0138888888888889	0	0.0104861773117255
source_cancer_3_MF-Monocytes	0.0140664961636829	0.0121065375302663	0	0.00872938894277401
source_cancer_4_MF-Monocytes	0.0140485312899106	0.0120772946859903	0	0.00872093023255814
source_cancer_5_MF-Monocytes	0.013801756587202	0.0140515222482436	0	0.010536398467433
source_cancer_14_MF-Monocytes	0.0112923462986198	0.0141176470588235	0	0.00958772770853308
source_cancer_15_MF-Monocytes	0.0151898734177215	0.0142517814726841	0	0.0115718418514947
source_cancer_2_MF-Monocytes	0.0101010101010101	0.00950118764845606	0	0.00673076923076923
source_cancer_6_MF-Monocytes	0.0126742712294043	0.00952380952380952	0	0.00867888138862102
source_cancer_9_MF-Monocytes	0.011378002528445	0.00950118764845606	0	0.00769971126082772
source_cancer_0_MF-Monocytes	0.0126422250316056	0.0118764845605701	0	0.00963391136801541
source_cancer_1_MF-Monocytes	0.0116129032258065	0.00987654320987654	0	0.0068359375
source_cancer_10_MF-Monocytes	0.0138364779874214	0.0141176470588235	0	0.00958772770853308
source_cancer_11_MF-Monocytes	0.0138539042821159	0.0141509433962264	0	0.010566762728146
source_cancer_12_MF-Monocytes	0.0151133501259446	0.0141176470588235	0	0.0115273775216138
source_cancer_13_MF-Monocytes	0.0140127388535032	0.0144578313253012	0	0.0106589147286822
source_cancer_20_MF-Monocytes	0.013801756587202	0.0140515222482436	0	0.010536398467433
source_cancer_21_MF-Monocytes	0.0115830115830116	0.00982800982800983	0	0.00682261208576998
source_cancer_7_MF-Monocytes	0.0153649167733675	0.0121065375302663	0	0.010689990281827
source_cancer_8_MF-Monocytes	0.0114942528735632	0.0121359223300971	0	0.00775945683802134
source_cancer_19_MF-Monocytes	0.00260416666666667	0	0	0.00197044334975369
source_cancer_22_MF-Monocytes	0.00386100386100386	0	0	0.00195121951219512
source_cancer_16_pDCs	0.0141206675224647	0.0146699266503667	0	0.00973709834469328
source_cancer_17_pDCs	0.0140485312899106	0.0145278450363196	0	0.00969932104752667
source_cancer_18_pDCs	0.00637755102040816	0.00485436893203883	0	0.00484966052376334
source_cancer_3_pDCs	0.0140485312899106	0.0145278450363196	0	0.00969932104752667
source_cancer_4_pDCs	0.014030612244898	0.0144927536231884	0	0.00968992248062015
source_cancer_5_pDCs	0.0139949109414758	0.0144230769230769	0	0.010648596321394
source_cancer_14_pDCs	0.0139064475347661	0.0142517814726841	0	0.0115718418514947
source_cancer_15_pDCs	0.0141388174807198	0.0147058823529412	0	0.00974658869395711
source_cancer_2_pDCs	0.0114503816793893	0.0120481927710843	0	0.00871248789932236
source_cancer_6_pDCs	0.0115236875800256	0.0121951219512195	0	0.00875486381322957
source_cancer_9_pDCs	0.0127877237851662	0.0121359223300971	0	0.0087378640776699
source_cancer_0_pDCs	0.0151706700379267	0.014218009478673	0	0.0115606936416185
source_cancer_1_pDCs	0.0116429495472186	0.0124378109452736	0	0.00783545543584721
source_cancer_10_pDCs	0.0139771283354511	0.0143884892086331	0	0.00966183574879227
source_cancer_11_pDCs	0.0140127388535032	0.0144578313253012	0	0.011639185257032
source_cancer_12_pDCs	0.0152091254752852	0.0142857142857143	0	0.01256038647343
source_cancer_13_pDCs	0.0154639175257732	0.0147420147420147	0	0.0117302052785924
source_cancer_20_pDCs	0.0140664961636829	0.0145631067961165	0	0.00970873786407767
source_cancer_21_pDCs	0.012970168612192	0.0124688279301746	0	0.00784313725490196
source_cancer_22_pDCs	0.00129032258064516	0.0025	0	0.0019588638589618
source_cancer_7_pDCs	0.0141752577319588	0.0147783251231527	0	0.0117416829745597
source_cancer_8_pDCs	0.0103359173126615	0.0149625935162095	0	0.00882352941176471
source_cancer_19_pDCs	0.00391644908616188	0.00254452926208651	0	0.00395256916996047
source_cancer_23_pDCs	0.0151324085750315	0.0141509433962264	0	0.010566762728146
source_cancer_0_club cell	0.0074719800747198	0.00462962962962963	0	0.00667302192564347
source_cancer_10_club cell	0.00749063670411985	0.00699300699300699	0	0.00668576886341929
source_cancer_11_club cell	0.00629722921914358	0.00712589073634204	0	0.00770712909441233
source_cancer_12_club cell	0.00876095118898623	0.00700934579439252	0	0.00862068965517241
source_cancer_14_club cell	0.00743494423791822	0.00689655172413793	0	0.00760456273764259
source_cancer_16_club cell	0.00767263427109974	0.00731707317073171	0	0.00680933852140078
source_cancer_18_club cell	0.00740740740740741	0.00684931506849315	0	0.00662878787878788
source_cancer_23_club cell	0.00739827373612824	0.00683371298405467	0	0.00757575757575758
source_cancer_5_club cell	0.00748129675810474	0.00697674418604651	0	0.00764087870105062
source_cancer_9_club cell	0.00629722921914358	0.00236406619385343	0	0.0048030739673391
source_cancer_2_club cell	0.00757575757575758	0.00475059382422803	0	0.00674373795761079
source_cancer_20_club cell	0.00872817955112219	0.00696055684454756	0	0.00859598853868195
source_cancer_6_club cell	0.00630517023959647	0.0023696682464455	0	0.00480769230769231
source_cancer_19_club cell	0.0038560411311054	0.00246913580246914	0	0.00390625
source_cancer_17_club cell	0.00888324873096447	0.00478468899521531	0	0.00676328502415459
source_cancer_22_club cell	0.00638569604086846	0.00242718446601942	0	0.00485436893203883
source_cancer_3_club cell	0.00759493670886076	0.00477326968973747	0	0.00578592092574735
source_cancer_4_club cell	0.00760456273764259	0.00478468899521531	0	0.00579150579150579
source_cancer_1_club cell	0.0038860103626943	0.0025062656641604	0	0.00294406280667321
source_cancer_13_club cell	0.0127388535031847	0.0144927536231884	0.0338983050847458	0.0116504854368932
source_cancer_21_club cell	0.00516129032258065	0.00248138957816377	0	0.00293255131964809
source_cancer_7_club cell	0.0102432778489117	0.0072992700729927	0.0185185185185185	0.00876338851022395
source_cancer_8_club cell	0.00643500643500643	0.00493827160493827	0	0.00586510263929619
source_cancer_15_club cell	0.0089058524173028	0.0072289156626506	0	0.00872938894277401
source_cancer_0_alveolar_type_1	0.00505689001264223	0.00238663484486874	0	0.00385356454720617
source_cancer_1_alveolar_type_1	0.00130039011703511	0	0	0.000984251968503937
source_cancer_10_alveolar_type_1	0.00505689001264223	0.00478468899521531	0	0.00385356454720617
source_cancer_11_alveolar_type_1	0.00380228136882129	0.00481927710843374	0	0.00483558994197292
source_cancer_12_alveolar_type_1	0.00634517766497462	0.00480769230769231	0	0.00580270793036751
source_cancer_13_alveolar_type_1	0.0102695763799743	0.0122850122850123	0.0392156862745098	0.00878048780487805
source_cancer_14_alveolar_type_1	0.0050314465408805	0.004739336492891	0	0.0048030739673391
source_cancer_16_alveolar_type_1	0.00516795865633075	0.00498753117206983	0	0.0039177277179236
source_cancer_17_alveolar_type_1	0.00641025641025641	0.00244498777506112	0	0.00389105058365759
source_cancer_18_alveolar_type_1	0.0050251256281407	0.00472813238770686	0	0.00383509108341323
source_cancer_2_alveolar_type_1	0.00509554140127389	0.00242130750605327	0	0.00387596899224806
source_cancer_20_alveolar_type_1	0.00628930817610063	0.00472813238770686	0	0.00576368876080692
source_cancer_21_alveolar_type_1	0.00259403372243839	0	0	0.00098135426889107
source_cancer_22_alveolar_type_1	0.0038560411311054	0	0	0.00194931773879142
source_cancer_3_alveolar_type_1	0.00512820512820513	0.00245098039215686	0	0.00291828793774319
source_cancer_4_alveolar_type_1	0.0051150895140665	0.0024390243902439	0	0.0029126213592233
source_cancer_5_alveolar_type_1	0.00505689001264223	0.00478468899521531	0	0.00482160077145612
source_cancer_6_alveolar_type_1	0.00380228136882129	0	0	0.0028957528957529
source_cancer_7_alveolar_type_1	0.00770218228498074	0.00490196078431373	0.02	0.00584795321637427
source_cancer_8_alveolar_type_1	0.00387096774193548	0.00248756218905473	0	0.00293542074363992
source_cancer_9_alveolar_type_1	0.00380710659898477	0	0	0.00289855072463768
source_cancer_23_alveolar_type_1	0.0050251256281407	0.00472813238770686	0	0.00479846449136276
source_cancer_15_alveolar_type_1	0.00638569604086846	0.0048661800486618	0	0.00583090379008746
source_cancer_19_alveolar_type_1	0.00129533678756477	0	0	0.00098135426889107
source_cancer_0_alveolar_type_2	0.0062266500622665	0.00464037122969838	0	0.00571973307912297
source_cancer_1_alveolar_type_2	0.00260078023407022	0.00253164556962025	0	0.00196850393700787
source_cancer_10_alveolar_type_2	0.00627352572145546	0.00707547169811321	0	0.00575263662511985
source_cancer_11_alveolar_type_2	0.0050761421319797	0.0072463768115942	0	0.00678294573643411
source_cancer_12_alveolar_type_2	0.00754716981132075	0.00709219858156028	0	0.00769230769230769
source_cancer_13_alveolar_type_2	0.0114942528735632	0.0145985401459854	0.0357142857142857	0.0107003891050584
source_cancer_14_alveolar_type_2	0.00619578686493185	0.00691244239631336	0	0.00665399239543726
source_cancer_16_alveolar_type_2	0.006426735218509	0.00740740740740741	0	0.005859375
source_cancer_17_alveolar_type_2	0.0076530612244898	0.00484261501210654	0	0.005819592628516
source_cancer_18_alveolar_type_2	0.00623441396508728	0.00699300699300699	0	0.00572519083969466
source_cancer_2_alveolar_type_2	0.00632911392405063	0.00478468899521531	0	0.00579150579150579
source_cancer_20_alveolar_type_2	0.00753768844221105	0.00707547169811321	0	0.00768491834774256
source_cancer_21_alveolar_type_2	0.00388098318240621	0.0025	0	0.0019588638589618
source_cancer_3_alveolar_type_2	0.00636942675159236	0.00484261501210654	0	0.00484496124031008
source_cancer_4_alveolar_type_2	0.00635324015247776	0.00481927710843374	0	0.00483558994197292
source_cancer_5_alveolar_type_2	0.006265664160401	0.00705882352941176	0	0.00671140939597315
source_cancer_6_alveolar_type_2	0.0050761421319797	0.00240384615384615	0	0.00386473429951691
source_cancer_7_alveolar_type_2	0.00897435897435897	0.00733496332518337	0.0192307692307692	0.00779727095516569
source_cancer_8_alveolar_type_2	0.00387596899224806	0.005	0	0.00490677134445535
source_cancer_9_alveolar_type_2	0.00505689001264223	0.00238663484486874	0	0.00385356454720617
source_cancer_23_alveolar_type_2	0.00618811881188119	0.00689655172413793	0	0.00664767331433998
source_cancer_22_alveolar_type_2	0.00515463917525773	0.00247524752475248	0	0.00391006842619746
source_cancer_15_alveolar_type_2	0.00762388818297332	0.0072289156626506	0	0.00775193798449612
source_cancer_19_alveolar_type_2	0.00258732212160414	0.0025062656641604	0	0.00294406280667321
source_cancer_0_B-cells-M	0.00388098318240621	0.0025	0	0.00392541707556428
source_cancer_1_B-cells-M	0.00130548302872063	0	0	0.000987166831194472
source_cancer_10_B-cells-M	0.00389105058365759	0.00251256281407035	0	0.00294695481335953
source_cancer_11_B-cells-M	0.0038860103626943	0.0025062656641604	0	0.00392927308447937
source_cancer_12_B-cells-M	0.00517464424320828	0.00249376558603491	0	0.00490677134445535
source_cancer_13_B-cells-M	0.00522193211488251	0.00253807106598985	0	0.00494071146245059
source_cancer_14_B-cells-M	0.00387596899224806	0.00249376558603491	0	0.00392156862745098
source_cancer_16_B-cells-M	0.00261780104712042	0.00256410256410256	0	0.0019782393669634
source_cancer_18_B-cells-M	0.00389105058365759	0.00251256281407035	0	0.00294695481335953
source_cancer_2_B-cells-M	0.00388098318240621	0.0025	0	0.00392541707556428
source_cancer_20_B-cells-M	0.0038961038961039	0.00251889168765743	0	0.00294985250737463
source_cancer_21_B-cells-M	0.00130548302872063	0	0	0.000987166831194472
source_cancer_3_B-cells-M	0.0038961038961039	0.00251889168765743	0	0.00294985250737463
source_cancer_4_B-cells-M	0.0038961038961039	0.00251889168765743	0	0.00294985250737463
source_cancer_5_B-cells-M	0.00388098318240621	0.0025	0	0.00392541707556428
source_cancer_6_B-cells-M	0.00259067357512953	0	0	0.00294695481335953
source_cancer_7_B-cells-M	0.00520833333333333	0.00252525252525253	0	0.00493096646942801
source_cancer_8_B-cells-M	0.00130208333333333	0.00254452926208651	0	0.0019723865877712
source_cancer_9_B-cells-M	0.00259067357512953	0	0	0.00294695481335953
source_cancer_17_B-cells-M	0.00261096605744125	0.00255102040816327	0	0.00197433366238894
source_cancer_22_B-cells-M	0.00130718954248366	0	0	0.000988142292490119
source_cancer_15_B-cells-M	0.00520156046814044	0.00251889168765743	0	0.00492610837438424
source_cancer_23_B-cells-M	0.00387096774193548	0.00248756218905473	0	0.0039177277179236
source_cancer_19_B-cells-M	0.00131233595800525	0	0	0.000991080277502478
source_cancer_0_endothelial	0.00627352572145546	0.00234741784037559	0	0.00478927203065134
source_cancer_1_endothelial	0.0038961038961039	0	0	0.00196463654223969
source_cancer_10_endothelial	0.00630517023959647	0.00475059382422803	0	0.00480769230769231
source_cancer_11_endothelial	0.00636132315521628	0.00483091787439614	0	0.00581395348837209
source_cancer_12_endothelial	0.00753768844221105	0.00470588235294118	0	0.00671785028790787
source_cancer_13_endothelial	0.0115236875800256	0.0121951219512195	0.037037037037037	0.00973709834469328
source_cancer_14_endothelial	0.00624219725343321	0.00466200466200466	0	0.00573065902578797
source_cancer_16_endothelial	0.00641025641025641	0.00490196078431373	0	0.00486854917234664
source_cancer_17_endothelial	0.00761421319796954	0.00239234449760766	0	0.00482625482625483
source_cancer_18_endothelial	0.006265664160401	0.00469483568075117	0	0.00478468899521531
source_cancer_2_endothelial	0.00632911392405063	0.00238663484486874	0	0.00482160077145612
source_cancer_20_endothelial	0.00754716981132075	0.00471698113207547	0	0.00672430355427474
source_cancer_21_endothelial	0.0038659793814433	0	0	0.001953125
source_cancer_22_endothelial	0.00512820512820513	0	0	0.00291828793774319
source_cancer_3_endothelial	0.00634517766497462	0.00239808153477218	0	0.00386100386100386
source_cancer_4_endothelial	0.00632911392405063	0.00238663484486874	0	0.00385356454720617
source_cancer_5_endothelial	0.00631313131313131	0.00476190476190476	0	0.00578034682080925
source_cancer_6_endothelial	0.00510204081632653	0	0	0.00387972841901067
source_cancer_7_endothelial	0.00898587933247754	0.00488997555012225	0.0196078431372549	0.00682261208576998
source_cancer_8_endothelial	0.00516795865633075	0.00248756218905473	0	0.0039177277179236
source_cancer_9_endothelial	0.00506329113924051	0	0	0.0038572806171649
source_cancer_23_endothelial	0.00617283950617284	0.0045662100456621	0	0.00568181818181818
source_cancer_15_endothelial	0.0076530612244898	0.00484261501210654	0	0.00679611650485437
source_cancer_19_endothelial	0.00258732212160414	0	0	0.00196078431372549
source_cancer_0_T-cells	0.0165394402035623	0.0216867469879518	0.0317460317460317	0.0135658914728682
source_cancer_1_T-cells	0.0142302716688228	0.0199501246882793	0.0416666666666667	0.00979431929480901
source_cancer_10_T-cells	0.0191815856777494	0.0242718446601942	0.0327868852459016	0.0135922330097087
source_cancer_11_T-cells	0.0178571428571429	0.0217391304347826	0.032258064516129	0.0135790494665373
source_cancer_12_T-cells	0.0153256704980843	0.0194174757281553	0.0338983050847458	0.0126336248785228
source_cancer_13_T-cells	0.0154440154440154	0.0171990171990172	0.0377358490566038	0.01171875
source_cancer_14_T-cells	0.0114795918367347	0.0145631067961165	0.0350877192982456	0.00970873786407767
source_cancer_16_T-cells	0.0168175937904269	0.0223880597014925	0.04	0.0117531831537708
source_cancer_18_T-cells	0.00900900900900901	0.0123762376237624	0.0416666666666667	0.0068359375
source_cancer_2_T-cells	0.0128205128205128	0.017156862745098	0.037037037037037	0.00973709834469328
source_cancer_20_T-cells	0.0179487179487179	0.0244498777506112	0.0344827586206897	0.0136319376825706
source_cancer_21_T-cells	0.0129533678756477	0.0175	0.0434782608695652	0.00882352941176471
source_cancer_3_T-cells	0.0192061459667093	0.024330900243309	0.0333333333333333	0.0136054421768707
source_cancer_4_T-cells	0.0192554557124519	0.0244498777506112	0.0344827586206897	0.0136319376825706
source_cancer_5_T-cells	0.0165605095541401	0.0217391304347826	0.032258064516129	0.0125968992248062
source_cancer_6_T-cells	0.0167095115681234	0.0196078431372549	0.0363636363636364	0.0126829268292683
source_cancer_7_T-cells	0.0192554557124519	0.0244498777506112	0.0344827586206897	0.015609756097561
source_cancer_8_T-cells	0.00774193548387097	0.0124688279301746	0.0444444444444444	0.00685602350636631
source_cancer_9_T-cells	0.0153452685421995	0.0194647201946472	0.0344827586206897	0.0116618075801749
source_cancer_17_T-cells	0.0154043645699615	0.0221130221130221	0.0363636363636364	0.0107108081791626
source_cancer_22_T-cells	0.00647668393782383	0.0100502512562814	0.0487804878048781	0.00490677134445535
source_cancer_23_T-cells	0.0139064475347661	0.0190930787589499	0.0303030303030303	0.0115718418514947
source_cancer_15_T-cells	0.0179028132992327	0.0218446601941748	0.0333333333333333	0.014591439688716
source_cancer_19_T-cells	0.00784313725490196	0.0102040816326531	0.0571428571428571	0.00592885375494071
source_cancer_0_ionocyte	0.00508259212198221	0.00240963855421687	0	0.00386847195357834
source_cancer_14_ionocyte	0.00506970849176172	0.00480769230769231	0	0.00483091787439614
source_cancer_23_ionocyte	0.00505689001264223	0.00478468899521531	0	0.00482160077145612
source_cancer_18_ionocyte	0.00506329113924051	0.00479616306954436	0	0.0038572806171649
source_cancer_6_ionocyte	0.00384615384615385	0	0	0.00292112950340798
source_cancer_11_ionocyte	0.00384615384615385	0.00492610837438424	0	0.0048780487804878
source_cancer_21_ionocyte	0.00260078023407022	0	0	0.000983284169124877
source_cancer_22_ionocyte	0.00387596899224806	0	0	0.00195694716242661
source_cancer_3_ionocyte	0.00515463917525773	0.00247524752475248	0	0.0029296875
source_cancer_4_ionocyte	0.0051413881748072	0.00246305418719212	0	0.00292397660818713
source_cancer_9_ionocyte	0.00383141762452107	0	0	0.0029126213592233
source_cancer_10_ionocyte	0.00510855683269476	0.0048780487804878	0	0.00388349514563107
source_cancer_12_ionocyte	0.00639386189258312	0.0048780487804878	0	0.00583657587548638
source_cancer_13_ionocyte	0.00645161290322581	0.00496277915632754	0	0.00587659157688541
source_cancer_15_ionocyte	0.00641848523748395	0.00491400491400491	0	0.00585365853658537
source_cancer_16_ionocyte	0.00518134715025907	0.0050125313283208	0	0.00392541707556428
source_cancer_17_ionocyte	0.00516129032258065	0.00248138957816377	0	0.00293255131964809
source_cancer_2_ionocyte	0.0051150895140665	0.0024390243902439	0	0.00388726919339164
source_cancer_20_ionocyte	0.00508259212198221	0.00483091787439614	0	0.00484027105517909
source_cancer_5_ionocyte	0.00509554140127389	0.00485436893203883	0	0.00484966052376334
source_cancer_19_ionocyte	0.00130039011703511	0	0	0.000984251968503937
source_cancer_7_ionocyte	0.00646830530401035	0.00248756218905473	0	0.00490196078431373
source_cancer_1_ionocyte	0.00130718954248366	0	0	0.000988142292490119
source_cancer_8_ionocyte	0.0038961038961039	0.00251889168765743	0	0.00294985250737463
source_cancer_10_melanocytes	0.00513478818998716	0.00245700245700246	0	0.00292112950340798
source_cancer_18_melanocytes	0.0051413881748072	0.00246305418719212	0	0.00292397660818713
source_cancer_19_melanocytes	0.0012970168612192	0	0	0.000982318271119843
source_cancer_20_melanocytes	0.00512820512820513	0.00245098039215686	0	0.00389483933787731
source_cancer_5_melanocytes	0.00512163892445583	0.00244498777506112	0	0.00389105058365759
source_cancer_0_melanocytes	0.00512163892445583	0.00244498777506112	0	0.00389105058365759
source_cancer_14_melanocytes	0.00510855683269476	0.0024330900243309	0	0.00388349514563107
source_cancer_23_melanocytes	0.00510204081632653	0.00242718446601942	0	0.00387972841901067
source_cancer_17_melanocytes	0.00517464424320828	0.00249376558603491	0	0.0029382957884427
source_cancer_3_melanocytes	0.00516795865633075	0.00248756218905473	0	0.00293542074363992
source_cancer_4_melanocytes	0.00514800514800515	0.00246913580246914	0	0.00292682926829268
source_cancer_11_melanocytes	0.0038560411311054	0.00246913580246914	0	0.00390625
source_cancer_2_melanocytes	0.00514800514800515	0.00246913580246914	0	0.00390625
source_cancer_9_melanocytes	0.00256410256410256	0	0	0.00292397660818713
source_cancer_15_melanocytes	0.00643500643500643	0.00246305418719212	0	0.0048828125
source_cancer_16_melanocytes	0.00520833333333333	0.00252525252525253	0	0.00295275590551181
source_cancer_13_melanocytes	0.00648508430609598	0.0025	0	0.00491159135559921
source_cancer_21_melanocytes	0.00261437908496732	0	0	0.000987166831194472
source_cancer_1_melanocytes	0.00131061598951507	0	0	0.00099009900990099
source_cancer_12_melanocytes	0.00514800514800515	0.00246913580246914	0	0.00488758553274682
source_cancer_22_melanocytes	0.00260416666666667	0	0	0.00197044334975369
source_cancer_6_melanocytes	0.00257400257400257	0	0	0.00293255131964809
source_cancer_7_melanocytes	0.00518806744487678	0.0025062656641604	0	0.00491642084562439
source_cancer_8_melanocytes	0.00259403372243839	0.00251889168765743	0	0.00294985250737463
source_cancer_20_basal_cell	0.00633713561470215	0.00479616306954436	0	0.00579710144927536
source_cancer_0_basal_cell	0.00508259212198221	0.00240963855421687	0	0.00386847195357834
source_cancer_12_basal_cell	0.00633713561470215	0.00479616306954436	0	0.00579710144927536
source_cancer_14_basal_cell	0.00506329113924051	0.00479616306954436	0	0.00482625482625483
source_cancer_15_basal_cell	0.00637755102040816	0.00485436893203883	0	0.0058252427184466
source_cancer_16_basal_cell	0.00516795865633075	0.00498753117206983	0	0.0039177277179236
source_cancer_17_basal_cell	0.00640204865556978	0.0024390243902439	0	0.00388726919339164
source_cancer_18_basal_cell	0.00509554140127389	0.00485436893203883	0	0.00387596899224806
source_cancer_2_basal_cell	0.00509554140127389	0.00242130750605327	0	0.00387596899224806
source_cancer_23_basal_cell	0.00504413619167718	0.00476190476190476	0	0.00481231953801732
source_cancer_3_basal_cell	0.0051413881748072	0.00246305418719212	0	0.00292397660818713
source_cancer_4_basal_cell	0.00512820512820513	0.00245098039215686	0	0.00291828793774319
source_cancer_10_basal_cell	0.00508905852417303	0.00484261501210654	0	0.00387221684414327
source_cancer_13_basal_cell	0.0103359173126615	0.0124378109452736	0.0434782608695652	0.00882352941176471
source_cancer_5_basal_cell	0.00508905852417303	0.00484261501210654	0	0.00484496124031008
source_cancer_6_basal_cell	0.0038560411311054	0	0	0.00292682926829268
source_cancer_7_basal_cell	0.0077120822622108	0.00491400491400491	0.0204081632653061	0.00585365853658537
source_cancer_9_basal_cell	0.00383631713554987	0	0	0.00291545189504373
source_cancer_1_basal_cell	0.00130718954248366	0	0	0.000988142292490119
source_cancer_21_basal_cell	0.00260756192959583	0	0	0.000985221674876847
source_cancer_22_basal_cell	0.00387596899224806	0	0	0.00195694716242661
source_cancer_11_basal_cell	0.00385109114249037	0.00493827160493827	0	0.0048828125
source_cancer_19_basal_cell	0.00131061598951507	0	0	0.00099009900990099
source_cancer_8_basal_cell	0.00260078023407022	0.00253164556962025	0	0.00295566502463054
source_cancer_17_ciliated_cell	0.00262123197903014	0	0	0.000989119683481701
source_cancer_3_ciliated_cell	0.00261780104712042	0	0	0.000988142292490119
source_cancer_4_ciliated_cell	0.00262123197903014	0	0	0.000989119683481701
source_cancer_5_ciliated_cell	0.0025974025974026	0.00252525252525253	0	0.00295275590551181
source_cancer_0_ciliated_cell	0.0025974025974026	0	0	0.00196656833824975
source_cancer_14_ciliated_cell	0.0025974025974026	0.00252525252525253	0	0.00295275590551181
source_cancer_23_ciliated_cell	0.00258732212160414	0.0025062656641604	0	0.00294406280667321
source_cancer_11_ciliated_cell	0.00257731958762887	0.00248756218905473	0	0.0039177277179236
source_cancer_19_ciliated_cell	0.00131061598951507	0	0	0.00099009900990099
source_cancer_13_ciliated_cell	0.00786369593709043	0.0102564102564103	0.0606060606060606	0.00693756194251734
source_cancer_15_ciliated_cell	0.00391644908616188	0.00254452926208651	0	0.00395256916996047
source_cancer_16_ciliated_cell	0.00262123197903014	0.0025706940874036	0	0.00198019801980198
source_cancer_18_ciliated_cell	0.0025974025974026	0.00252525252525253	0	0.00196656833824975
source_cancer_2_ciliated_cell	0.00260416666666667	0	0	0.00197044334975369
source_cancer_20_ciliated_cell	0.00260078023407022	0.00253164556962025	0	0.00295566502463054
source_cancer_21_ciliated_cell	0.0026281208935611	0	0	0.000991080277502478
source_cancer_10_ciliated_cell	0.00129533678756477	0.00251889168765743	0	0.00196463654223969
source_cancer_12_ciliated_cell	0.00260078023407022	0.00253164556962025	0	0.00394477317554241
source_cancer_1_ciliated_cell	0.00131233595800525	0	0	0.000991080277502478
source_cancer_22_ciliated_cell	0.00131061598951507	0	0	0.00099009900990099
source_cancer_6_ciliated_cell	0.00130208333333333	0	0	0.0019723865877712
source_cancer_7_ciliated_cell	0.00391644908616188	0.00254452926208651	0.0294117647058824	0.00395256916996047
source_cancer_8_ciliated_cell	0.00130378096479791	0	0	0.00197433366238894
source_cancer_9_ciliated_cell	0.00130208333333333	0	0	0.0019723865877712
source_cancer_11_hepatocyte	0.00387596899224806	0.005	0	0.00490677134445535
source_cancer_19_hepatocyte	0.00131061598951507	0	0	0.00099009900990099
source_cancer_2_hepatocyte	0.00516795865633075	0.00248756218905473	0	0.0039177277179236
source_cancer_20_hepatocyte	0.00387596899224806	0.005	0	0.00392156862745098
source_cancer_9_hepatocyte	0.00387596899224806	0	0	0.0029382957884427
source_cancer_12_hepatocyte	0.00515463917525773	0.00496277915632754	0	0.00587659157688541
source_cancer_0_hepatocyte	0.00515463917525773	0.00247524752475248	0	0.00391006842619746
source_cancer_10_hepatocyte	0.00387096774193548	0.00498753117206983	0	0.00293542074363992
source_cancer_14_hepatocyte	0.00514800514800515	0.00495049504950495	0	0.00488758553274682
source_cancer_5_hepatocyte	0.0038659793814433	0.00497512437810945	0	0.00391389432485323
source_cancer_22_hepatocyte	0.00130378096479791	0	0	0.000986193293885602
source_cancer_15_hepatocyte	0.00518134715025907	0.0050125313283208	0	0.00491159135559921
source_cancer_16_hepatocyte	0.00390625	0.0050761421319797	0	0.00295566502463054
source_cancer_17_hepatocyte	0.00391644908616188	0.00254452926208651	0	0.0019723865877712
source_cancer_3_hepatocyte	0.00390117035110533	0.00252525252525253	0	0.00196656833824975
source_cancer_4_hepatocyte	0.0038961038961039	0.00251889168765743	0	0.00196463654223969
source_cancer_23_hepatocyte	0.00388098318240621	0.0050125313283208	0	0.00392541707556428
source_cancer_13_hepatocyte	0.00651041666666667	0.00505050505050505	0	0.00591715976331361
source_cancer_18_hepatocyte	0.00388098318240621	0.0050125313283208	0	0.00294117647058824
source_cancer_21_hepatocyte	0.00261780104712042	0	0	0.000988142292490119
source_cancer_1_hepatocyte	0.00130718954248366	0	0	0.000988142292490119
source_cancer_6_hepatocyte	0.0012970168612192	0	0	0.00196656833824975
source_cancer_7_hepatocyte	0.00390625	0.00253164556962025	0	0.00394477317554241
source_cancer_8_hepatocyte	0.00260078023407022	0.00253164556962025	0	0.00295566502463054
source_cancer_11_neuro_e_cell	0.00130718954248366	0	0	0.000988142292490119
source_cancer_19_neuro_e_cell	0.00130718954248366	0	0	0.000988142292490119
source_cancer_0_neuro_e_cell	0.00261780104712042	0	0	0.000988142292490119
source_cancer_10_neuro_e_cell	0.0026246719160105	0	0	0.00099009900990099
source_cancer_12_neuro_e_cell	0.00262123197903014	0	0	0.000989119683481701
source_cancer_13_neuro_e_cell	0.0026246719160105	0	0	0.00099009900990099
source_cancer_14_neuro_e_cell	0.00261780104712042	0	0	0.000988142292490119
source_cancer_15_neuro_e_cell	0.0026281208935611	0	0	0.000991080277502478
source_cancer_16_neuro_e_cell	0.0026246719160105	0	0	0.00099009900990099
source_cancer_17_neuro_e_cell	0.00261780104712042	0	0	0.000988142292490119
source_cancer_18_neuro_e_cell	0.00261780104712042	0	0	0.000988142292490119
source_cancer_2_neuro_e_cell	0.00261780104712042	0	0	0.000988142292490119
source_cancer_20_neuro_e_cell	0.00262123197903014	0	0	0.000989119683481701
source_cancer_21_neuro_e_cell	0.00131752305665349	0	0	0
source_cancer_22_neuro_e_cell	0.00131406044678055	0	0	0
source_cancer_23_neuro_e_cell	0.00261780104712042	0	0	0.000988142292490119
source_cancer_3_neuro_e_cell	0.0026246719160105	0	0	0.00099009900990099
source_cancer_4_neuro_e_cell	0.0026246719160105	0	0	0.00099009900990099
source_cancer_5_neuro_e_cell	0.00262123197903014	0	0	0.000989119683481701
source_cancer_6_neuro_e_cell	0.00262123197903014	0	0	0.000989119683481701
source_cancer_7_neuro_e_cell	0.0026281208935611	0	0	0.000991080277502478
source_cancer_9_neuro_e_cell	0.00261780104712042	0	0	0.000988142292490119
source_cancer_1_neuro_e_cell	0	0	0	0
source_cancer_8_neuro_e_cell	0	0	0	0
source_cancer_11_Neutrophils	0.0025974025974026	0.00252525252525253	0	0.00295275590551181
source_cancer_19_Neutrophils	0	0	0	0
source_cancer_10_Neutrophils	0.00129533678756477	0.00251889168765743	0	0.00098135426889107
source_cancer_12_Neutrophils	0.00515463917525773	0.00247524752475248	0	0.00391006842619746
source_cancer_14_Neutrophils	0.00385109114249037	0.00246305418719212	0	0.00292397660818713
source_cancer_15_Neutrophils	0.00259067357512953	0.00251256281407035	0	0.000980392156862745
source_cancer_16_Neutrophils	0.00130378096479791	0.00255102040816327	0	0.000986193293885602
source_cancer_17_Neutrophils	0.00260078023407022	0.00253164556962025	0	0.000983284169124877
source_cancer_2_Neutrophils	0.00257731958762887	0.00248756218905473	0	0.00293542074363992
source_cancer_20_Neutrophils	0.00129533678756477	0.00251889168765743	0	0.00098135426889107
source_cancer_21_Neutrophils	0.00130548302872063	0	0	0
source_cancer_22_Neutrophils	0	0	0	0
source_cancer_3_Neutrophils	0.00260078023407022	0.00253164556962025	0	0.000983284169124877
source_cancer_4_Neutrophils	0.0025974025974026	0.00252525252525253	0	0.000982318271119843
source_cancer_5_Neutrophils	0.00129032258064516	0.0025	0	0.0019588638589618
source_cancer_7_Neutrophils	0.00390117035110533	0.00252525252525253	0	0.00295275590551181
source_cancer_9_Neutrophils	0.0012970168612192	0	0	0.00196656833824975
source_cancer_0_Neutrophils	0.00387096774193548	0.00248756218905473	0	0.00293542074363992
source_cancer_13_Neutrophils	0.00520833333333333	0.00252525252525253	0	0.00394088669950739
source_cancer_18_Neutrophils	0.00130378096479791	0.00255102040816327	0	0.000986193293885602
source_cancer_23_Neutrophils	0.00257731958762887	0.00248756218905473	0	0.0009765625
source_cancer_6_Neutrophils	0	0	0	0.000984251968503937
source_cancer_8_Neutrophils	0.00130548302872063	0.00255754475703325	0	0.00197628458498024
source_cancer_1_Neutrophils	0.00131061598951507	0	0	0
source_cancer_2_B-cells-PB	0.00515463917525773	0.00247524752475248	0	0.00391006842619746
source_cancer_20_B-cells-PB	0.00769230769230769	0.00488997555012225	0	0.00682261208576998
source_cancer_9_B-cells-PB	0.00387096774193548	0	0	0.00293542074363992
source_cancer_22_B-cells-PB	0.00390625	0	0	0.00196850393700787
source_cancer_0_B-cells-PB	0.00643500643500643	0.00246305418719212	0	0.0048828125
source_cancer_10_B-cells-PB	0.00643500643500643	0.00493827160493827	0	0.0048828125
source_cancer_14_B-cells-PB	0.00639386189258312	0.0048780487804878	0	0.00583657587548638
source_cancer_5_B-cells-PB	0.006426735218509	0.00492610837438424	0	0.005859375
source_cancer_1_B-cells-PB	0.00261437908496732	0	0	0.00197628458498024
source_cancer_11_B-cells-PB	0.00516129032258065	0.00497512437810945	0	0.00588235294117647
source_cancer_12_B-cells-PB	0.00772200772200772	0.00492610837438424	0	0.00684261974584555
source_cancer_15_B-cells-PB	0.0077319587628866	0.00493827160493827	0	0.00684931506849315
source_cancer_18_B-cells-PB	0.00515463917525773	0.00496277915632754	0	0.00391006842619746
source_cancer_23_B-cells-PB	0.00638569604086846	0.0048661800486618	0	0.00583090379008746
source_cancer_6_B-cells-PB	0.00516795865633075	0	0	0.0039177277179236
source_cancer_7_B-cells-PB	0.00778210116731518	0.00249376558603491	0	0.00589390962671906
source_cancer_3_B-cells-PB	0.00650195058517555	0.00251256281407035	0	0.00393313667649951
source_cancer_4_B-cells-PB	0.00649350649350649	0.0025062656641604	0	0.00392927308447937
source_cancer_16_B-cells-PB	0.00651890482398957	0.00506329113924051	0	0.00493096646942801
source_cancer_17_B-cells-PB	0.00779220779220779	0.0025	0	0.00491159135559921
source_cancer_13_B-cells-PB	0.00779220779220779	0.0050125313283208	0	0.00688976377952756
source_cancer_21_B-cells-PB	0.00391644908616188	0	0	0.0019723865877712
source_cancer_8_B-cells-PB	0.00390117035110533	0.00252525252525253	0	0.00295275590551181
source_cancer_19_B-cells-PB	0.00261437908496732	0	0	0.00197628458498024
source_cancer_2_Mast-cells	0.00387596899224806	0.00249376558603491	0	0.00392156862745098
source_cancer_20_Mast-cells	0.00389105058365759	0.00251256281407035	0	0.00393313667649951
source_cancer_9_Mast-cells	0.00258397932816537	0	0	0.00294117647058824
source_cancer_0_Mast-cells	0.00387096774193548	0.00248756218905473	0	0.0039177277179236
source_cancer_10_Mast-cells	0.00390117035110533	0.00252525252525253	0	0.00295275590551181
source_cancer_14_Mast-cells	0.0038560411311054	0.00246913580246914	0	0.00390625
source_cancer_5_Mast-cells	0.0038659793814433	0.00248138957816377	0	0.00391389432485323
source_cancer_11_Mast-cells	0.0038860103626943	0.0025062656641604	0	0.00392927308447937
source_cancer_22_Mast-cells	0.00130039011703511	0	0	0.000984251968503937
source_cancer_18_Mast-cells	0.00389105058365759	0.00251256281407035	0	0.00294695481335953
source_cancer_15_Mast-cells	0.00520156046814044	0.00251889168765743	0	0.00492610837438424
source_cancer_16_Mast-cells	0.00391644908616188	0.00254452926208651	0	0.00296150049358342
source_cancer_17_Mast-cells	0.00391134289439374	0.00253807106598985	0	0.0029585798816568
source_cancer_23_Mast-cells	0.00386100386100386	0.00247524752475248	0	0.00391006842619746
source_cancer_3_Mast-cells	0.00390117035110533	0.00252525252525253	0	0.00295275590551181
source_cancer_4_Mast-cells	0.00389105058365759	0.00251256281407035	0	0.00294695481335953
source_cancer_7_Mast-cells	0.00520156046814044	0.00251889168765743	0	0.00492610837438424
source_cancer_1_Mast-cells	0.00130890052356021	0	0	0.000989119683481701
source_cancer_12_Mast-cells	0.00517464424320828	0.00249376558603491	0	0.00490677134445535
source_cancer_13_Mast-cells	0.00519480519480519	0.00251256281407035	0	0.00492125984251968
source_cancer_19_Mast-cells	0.00131061598951507	0	0	0.00099009900990099
source_cancer_21_Mast-cells	0.00130548302872063	0	0	0.000987166831194472
source_cancer_6_Mast-cells	0.00259403372243839	0	0	0.00294985250737463
source_cancer_8_Mast-cells	0.00130208333333333	0.00254452926208651	0	0.0019723865877712
source_cancer_0_stroma	0.00387096774193548	0.00248756218905473	0	0.0039177277179236
source_cancer_10_stroma	0.00389105058365759	0.00503778337531486	0	0.00393313667649951
source_cancer_14_stroma	0.0038659793814433	0.00497512437810945	0	0.00489715964740451
source_cancer_20_stroma	0.00517464424320828	0.005	0	0.00589390962671906
source_cancer_5_stroma	0.00387596899224806	0.005	0	0.00490677134445535
source_cancer_11_stroma	0.00389105058365759	0.00503778337531486	0	0.00492125984251968
source_cancer_22_stroma	0.00261096605744125	0	0	0.00197433366238894
source_cancer_15_stroma	0.00518134715025907	0.0050125313283208	0	0.00589970501474926
source_cancer_16_stroma	0.00390117035110533	0.00506329113924051	0	0.00394088669950739
source_cancer_17_stroma	0.00519480519480519	0.00251256281407035	0	0.00393313667649951
source_cancer_23_stroma	0.00385109114249037	0.00493827160493827	0	0.0048828125
source_cancer_3_stroma	0.00390117035110533	0.00252525252525253	0	0.00295275590551181
source_cancer_4_stroma	0.00390117035110533	0.00252525252525253	0	0.00295275590551181
source_cancer_12_stroma	0.00517464424320828	0.005	0	0.00589390962671906
source_cancer_13_stroma	0.00519480519480519	0.00503778337531486	0	0.00591133004926108
source_cancer_18_stroma	0.00388098318240621	0.0050125313283208	0	0.00392541707556428
source_cancer_1_stroma	0.00130890052356021	0	0	0.000989119683481701
source_cancer_19_stroma	0.00131233595800525	0	0	0.000991080277502478
source_cancer_2_stroma	0.00388098318240621	0.0025	0	0.00392541707556428
source_cancer_21_stroma	0.00131061598951507	0	0	0.00099009900990099
source_cancer_6_stroma	0.0025974025974026	0	0	0.00295275590551181
source_cancer_7_stroma	0.00518806744487678	0.0025062656641604	0	0.00491642084562439
source_cancer_8_stroma	0.00260416666666667	0.00253807106598985	0	0.0029585798816568
source_cancer_9_stroma	0.00259067357512953	0	0	0.00294695481335953
