clone_1	clone_2	clone_3	clone_4
target_cancer_0_cancer	0	0.0125786163522013	0.00868306801736614	0.0174418604651163
target_cancer_12_cancer	0	0.0130718954248366	0.00875912408759124	0.0177514792899408
target_cancer_14_cancer	0	0.0121212121212121	0.00860832137733142	0.0171428571428571
target_cancer_18_cancer	0	0.0120481927710843	0.00571428571428571	0.0113314447592068
target_cancer_23_cancer	0	0.0100502512562814	0.00958904109589041	0.015625
target_cancer_9_cancer	0	0.0138888888888889	0.00589970501474926	0.0120845921450151
target_cancer_10_cancer	0	0.0124223602484472	0.00865800865800866	0.0173410404624277
target_cancer_11_cancer	0	0.0134228187919463	0.00881057268722467	0.0179640718562874
target_cancer_15_cancer	0	0.0136054421768707	0.00883652430044183	0.0180722891566265
target_cancer_2_cancer	0	0.0129032258064516	0.00726744186046512	0.0146627565982405
target_cancer_20_cancer	0	0.0110497237569061	0.0098314606741573	0.0191780821917808
target_cancer_5_cancer	0	0.0128205128205128	0.00872093023255814	0.0175953079178886
target_cancer_1_cancer	0	0.0158730158730159	0.00606060606060606	0.012779552715655
target_cancer_17_cancer	0	0.0132450331125828	0.00878477306002928	0.0178571428571429
target_cancer_13_cancer	0	0.0130718954248366	0.00875912408759124	0.0177514792899408
target_cancer_6_cancer	0	0.0148148148148148	0.00597907324364723	0.0124223602484472
target_cancer_22_cancer	0	0.0151515151515152	0.00903614457831325	0.0189274447949527
target_cancer_21_cancer	0	0.015625	0.00604229607250755	0.0126984126984127
target_cancer_4_cancer	0	0.0140845070422535	0.00890207715133531	0.018348623853211
target_cancer_3_cancer	0	0.0145985401459854	0.00896860986547085	0.0186335403726708
target_cancer_7_cancer	0	0.0144927536231884	0.00745156482861401	0.0154320987654321
target_cancer_19_cancer	0	0.0196078431372549	0.00470957613814757	0.0103448275862069
target_cancer_16_cancer	0	0.0158730158730159	0.00911854103343465	0.0192926045016077
target_cancer_8_cancer	0	0.00869565217391304	0.00617283950617284	0.0132890365448505
target_cancer_0_B-cells-M	0	0	0	0
target_cancer_12_B-cells-M	0	0	0	0
target_cancer_14_B-cells-M	0	0	0	0
target_cancer_18_B-cells-M	0	0	0	0
target_cancer_23_B-cells-M	0	0	0	0
target_cancer_9_B-cells-M	0	0	0	0
target_cancer_10_B-cells-M	0	0	0	0
target_cancer_11_B-cells-M	0	0	0	0
target_cancer_15_B-cells-M	0	0	0	0
target_cancer_2_B-cells-M	0	0	0	0
target_cancer_20_B-cells-M	0	0	0	0
target_cancer_5_B-cells-M	0	0	0	0
target_cancer_13_B-cells-M	0	0	0	0
target_cancer_16_B-cells-M	0	0	0	0
target_cancer_17_B-cells-M	0	0	0	0
target_cancer_3_B-cells-M	0	0	0	0
target_cancer_4_B-cells-M	0	0	0	0
target_cancer_6_B-cells-M	0	0	0	0
target_cancer_7_B-cells-M	0	0	0	0
target_cancer_8_B-cells-M	0	0	0	0
target_cancer_1_B-cells-M	0	0	0	0
target_cancer_21_B-cells-M	0	0	0	0
target_cancer_22_B-cells-M	0	0	0	0
target_cancer_0_B-cells-PB	0	0	0.00463678516228748	0.01
target_cancer_12_B-cells-PB	0	0	0.0046583850931677	0.0101010101010101
target_cancer_14_B-cells-PB	0	0	0.00461538461538462	0.0099009900990099
target_cancer_18_B-cells-PB	0	0	0.00154320987654321	0.00332225913621262
target_cancer_23_B-cells-PB	0	0	0.00460122699386503	0.00983606557377049
target_cancer_9_B-cells-PB	0	0	0.0015625	0.00341296928327645
target_cancer_10_B-cells-PB	0	0	0.00467289719626168	0.0101694915254237
target_cancer_11_B-cells-PB	0	0	0.00469483568075117	0.0102739726027397
target_cancer_15_B-cells-PB	0	0	0.0046801872074883	0.0102040816326531
target_cancer_2_B-cells-PB	0	0	0.0031104199066874	0.00675675675675676
target_cancer_20_B-cells-PB	0	0	0.00612557427258806	0.0130718954248366
target_cancer_5_B-cells-PB	0	0	0.00467289719626168	0.0101694915254237
target_cancer_22_B-cells-PB	0	0	0.00476190476190476	0.0106007067137809
target_cancer_4_B-cells-PB	0	0	0.00470219435736677	0.0103092783505155
target_cancer_6_B-cells-PB	0	0	0.0015748031496063	0.00347222222222222
target_cancer_1_B-cells-PB	0	0	0.00158227848101266	0.00350877192982456
target_cancer_17_B-cells-PB	0	0	0.0046801872074883	0.0102040816326531
target_cancer_13_B-cells-PB	0	0	0.00469483568075117	0.0102739726027397
target_cancer_3_B-cells-PB	0	0	0.00471698113207547	0.0103806228373702
target_cancer_7_B-cells-PB	0	0	0.00315457413249211	0.00696864111498258
target_cancer_16_B-cells-PB	0	0	0.00477707006369427	0.0106761565836299
target_cancer_8_B-cells-PB	0	0	0.00319488817891374	0.00716845878136201
target_cancer_19_B-cells-PB	0	0	0	0
target_cancer_21_B-cells-PB	0	0	0.00159489633173844	0.00357142857142857
target_cancer_0_Dendritic	0	0.00892857142857143	0.00154320987654321	0.00332225913621262
target_cancer_12_Dendritic	0	0.00952380952380952	0.0015600624024961	0.00340136054421769
target_cancer_14_Dendritic	0	0.0087719298245614	0.00153846153846154	0.0033003300330033
target_cancer_18_Dendritic	0	0.00884955752212389	0.00154083204930663	0.0033112582781457
target_cancer_23_Dendritic	0	0.008	0.00303030303030303	0.00318471337579618
target_cancer_9_Dendritic	0	0.00970873786407767	0.00156494522691706	0.00342465753424658
target_cancer_10_Dendritic	0	0.00900900900900901	0.00154559505409583	0.00333333333333333
target_cancer_11_Dendritic	0	0.0101010101010101	0.00315457413249211	0.00696864111498258
target_cancer_15_Dendritic	0	0.00961538461538462	0.0015625	0.00341296928327645
target_cancer_2_Dendritic	0	0.00934579439252336	0.0015552099533437	0.00337837837837838
target_cancer_20_Dendritic	0	0.00854700854700855	0.00306748466257669	0.00655737704918033
target_cancer_5_Dendritic	0	0.00925925925925926	0.0015527950310559	0.00336700336700337
target_cancer_13_Dendritic	0	0.00934579439252336	0.0015552099533437	0.00337837837837838
target_cancer_16_Dendritic	0	0.010989010989011	0.00159489633173844	0.00357142857142857
target_cancer_17_Dendritic	0	0.0101010101010101	0.0015748031496063	0.00347222222222222
target_cancer_3_Dendritic	0	0.0101010101010101	0.0015748031496063	0.00347222222222222
target_cancer_4_Dendritic	0	0.0102040816326531	0.00157728706624606	0.00348432055749129
target_cancer_6_Dendritic	0	0.0104166666666667	0.00158227848101266	0.00350877192982456
target_cancer_7_Dendritic	0	0.0102040816326531	0.00157728706624606	0.00348432055749129
target_cancer_8_Dendritic	0	0	0	0
target_cancer_21_Dendritic	0	0.0099009900990099	0.00156985871271586	0.00344827586206897
target_cancer_1_Dendritic	0	0.0113636363636364	0.0016025641025641	0.0036101083032491
target_cancer_22_Dendritic	0	0.0114942528735632	0.00160513643659711	0.0036231884057971
target_cancer_19_Dendritic	0	0.0120481927710843	0.00161550888529887	0.00367647058823529
target_cancer_0_Mast-cells	0	0	0	0
target_cancer_12_Mast-cells	0	0	0	0
target_cancer_14_Mast-cells	0	0	0	0
target_cancer_18_Mast-cells	0	0	0	0
target_cancer_23_Mast-cells	0	0	0	0
target_cancer_9_Mast-cells	0	0	0	0
target_cancer_10_Mast-cells	0	0	0	0
target_cancer_11_Mast-cells	0	0	0	0
target_cancer_15_Mast-cells	0	0	0	0
target_cancer_2_Mast-cells	0	0	0	0
target_cancer_20_Mast-cells	0	0	0	0
target_cancer_5_Mast-cells	0	0	0	0
target_cancer_13_Mast-cells	0	0	0	0
target_cancer_16_Mast-cells	0	0	0	0
target_cancer_17_Mast-cells	0	0	0	0
target_cancer_3_Mast-cells	0	0	0	0
target_cancer_4_Mast-cells	0	0	0	0
target_cancer_6_Mast-cells	0	0	0	0
target_cancer_7_Mast-cells	0	0	0	0
target_cancer_8_Mast-cells	0	0	0	0
target_cancer_1_Mast-cells	0	0	0	0
target_cancer_19_Mast-cells	0	0	0	0
target_cancer_21_Mast-cells	0	0	0	0
target_cancer_22_Mast-cells	0	0	0	0
target_cancer_0_MF-Monocytes	0	0.00833333333333333	0.00458715596330275	0.00977198697068404
target_cancer_12_MF-Monocytes	0	0.00869565217391304	0.00462249614791988	0.00993377483443709
target_cancer_14_MF-Monocytes	0	0.00819672131147541	0.00457317073170732	0.00970873786407767
target_cancer_18_MF-Monocytes	0	0.00854700854700855	0.00306748466257669	0.00655737704918033
target_cancer_23_MF-Monocytes	0	0.00740740740740741	0.00448430493273543	0.0093167701863354
target_cancer_9_MF-Monocytes	0	0.00925925925925926	0.0031104199066874	0.00675675675675676
target_cancer_10_MF-Monocytes	0	0.00854700854700855	0.00460829493087558	0.00986842105263158
target_cancer_11_MF-Monocytes	0	0.00917431192660551	0.0046656298600311	0.0101351351351351
target_cancer_15_MF-Monocytes	0	0.00884955752212389	0.00463678516228748	0.01
target_cancer_2_MF-Monocytes	0	0.00847457627118644	0.00460122699386503	0.00983606557377049
target_cancer_20_MF-Monocytes	0	0.0078740157480315	0.00606060606060606	0.012779552715655
target_cancer_5_MF-Monocytes	0	0.00869565217391304	0.00462249614791988	0.00993377483443709
target_cancer_13_MF-Monocytes	0	0.00862068965517241	0.00461538461538462	0.0099009900990099
target_cancer_16_MF-Monocytes	0	0.0099009900990099	0.0047244094488189	0.0104166666666667
target_cancer_17_MF-Monocytes	0	0.00943396226415094	0.0046875	0.0102389078498294
target_cancer_3_MF-Monocytes	0	0.00925925925925926	0.00467289719626168	0.0101694915254237
target_cancer_4_MF-Monocytes	0	0.00925925925925926	0.00467289719626168	0.0101694915254237
target_cancer_6_MF-Monocytes	0	0.00970873786407767	0.00313479623824451	0.00687285223367698
target_cancer_7_MF-Monocytes	0	0.00925925925925926	0.00467289719626168	0.0101694915254237
target_cancer_8_MF-Monocytes	0	0	0.00316455696202532	0.00701754385964912
target_cancer_21_MF-Monocytes	0	0.00952380952380952	0.003125	0.0068259385665529
target_cancer_1_MF-Monocytes	0	0.0103092783505155	0.00316455696202532	0.00701754385964912
target_cancer_22_MF-Monocytes	0	0.010752688172043	0.00318471337579618	0.00711743772241993
target_cancer_19_MF-Monocytes	0	0.0121951219512195	0.00161812297734628	0.003690036900369
target_cancer_0_pDCs	0	0	0	0
target_cancer_12_pDCs	0	0	0	0
target_cancer_14_pDCs	0	0	0	0
target_cancer_18_pDCs	0	0	0	0
target_cancer_23_pDCs	0	0	0	0
target_cancer_9_pDCs	0	0	0	0
target_cancer_10_pDCs	0	0	0	0
target_cancer_11_pDCs	0	0	0.00158982511923688	0.00354609929078014
target_cancer_15_pDCs	0	0	0	0
target_cancer_2_pDCs	0	0	0	0
target_cancer_20_pDCs	0	0	0.00156494522691706	0.00342465753424658
target_cancer_5_pDCs	0	0	0	0
target_cancer_13_pDCs	0	0	0	0
target_cancer_16_pDCs	0	0	0	0
target_cancer_17_pDCs	0	0	0	0
target_cancer_3_pDCs	0	0	0	0
target_cancer_4_pDCs	0	0	0	0
target_cancer_6_pDCs	0	0	0	0
target_cancer_7_pDCs	0	0	0	0
target_cancer_8_pDCs	0	0	0	0
target_cancer_21_pDCs	0	0	0	0
target_cancer_1_pDCs	0	0	0	0
target_cancer_19_pDCs	0	0	0	0
target_cancer_22_pDCs	0	0	0	0
target_cancer_0_T-cells	0	0	0	0
target_cancer_12_T-cells	0	0	0	0
target_cancer_14_T-cells	0	0	0	0
target_cancer_18_T-cells	0	0	0	0
target_cancer_23_T-cells	0	0	0	0
target_cancer_9_T-cells	0	0	0	0
target_cancer_10_T-cells	0	0	0	0
target_cancer_11_T-cells	0	0	0	0
target_cancer_15_T-cells	0	0	0	0
target_cancer_2_T-cells	0	0	0	0
target_cancer_20_T-cells	0	0	0	0
target_cancer_5_T-cells	0	0	0	0
target_cancer_13_T-cells	0	0	0	0
target_cancer_1_T-cells	0	0	0	0
target_cancer_21_T-cells	0	0	0	0
target_cancer_16_T-cells	0	0	0	0
target_cancer_17_T-cells	0	0	0	0
target_cancer_22_T-cells	0	0	0	0
target_cancer_3_T-cells	0	0	0	0
target_cancer_4_T-cells	0	0	0	0
target_cancer_6_T-cells	0	0	0	0
target_cancer_7_T-cells	0	0	0	0
target_cancer_8_T-cells	0	0	0	0
target_cancer_19_T-cells	0	0	0	0
target_cancer_0_fibroblast	0	0.016260162601626	0.00762195121951219	0.0161812297734628
target_cancer_12_fibroblast	0	0.0168067226890756	0.00766871165644172	0.0163934426229508
target_cancer_14_fibroblast	0	0.0161290322580645	0.0076103500761035	0.0161290322580645
target_cancer_18_fibroblast	0	0.0165289256198347	0.00457317073170732	0.00970873786407767
target_cancer_23_fibroblast	0	0.0148148148148148	0.00748502994011976	0.0155763239875389
target_cancer_9_fibroblast	0	0.0185185185185185	0.0046656298600311	0.0101351351351351
target_cancer_10_fibroblast	0	0.0165289256198347	0.00764525993883792	0.0162866449511401
target_cancer_11_fibroblast	0	0.0173913043478261	0.00771604938271605	0.0166112956810631
target_cancer_15_fibroblast	0	0.0172413793103448	0.00770416024653313	0.0165562913907285
target_cancer_2_fibroblast	0	0.0163934426229508	0.00609756097560976	0.0129449838187702
target_cancer_20_fibroblast	0	0.0149253731343284	0.00900900900900901	0.0188087774294671
target_cancer_5_fibroblast	0	0.0165289256198347	0.00764525993883792	0.0162866449511401
target_cancer_1_fibroblast	0	0.0198019801980198	0.00471698113207547	0.0103806228373702
target_cancer_17_fibroblast	0	0.0172413793103448	0.00770416024653313	0.0165562913907285
target_cancer_13_fibroblast	0	0.0168067226890756	0.00766871165644172	0.0163934426229508
target_cancer_22_fibroblast	0	0.0198019801980198	0.00788643533123028	0.0174216027874564
target_cancer_16_fibroblast	0	0.019047619047619	0.00783699059561128	0.0171821305841924
target_cancer_3_fibroblast	0	0.0178571428571429	0.00775193798449612	0.0167785234899329
target_cancer_4_fibroblast	0	0.0176991150442478	0.00773993808049536	0.0167224080267559
target_cancer_6_fibroblast	0	0.019047619047619	0.0046875	0.0102389078498294
target_cancer_7_fibroblast	0	0.0178571428571429	0.00619195046439629	0.0133779264214047
target_cancer_8_fibroblast	0	0.0104166666666667	0.00476190476190476	0.0106007067137809
target_cancer_21_fibroblast	0	0.0196078431372549	0.00470957613814757	0.0103448275862069
target_cancer_19_fibroblast	0	0.0222222222222222	0.00319488817891374	0.00716845878136201
target_cancer_0_alveolar_type_2	0	0	0.00457317073170732	0.00970873786407767
target_cancer_12_alveolar_type_2	0	0	0.00462249614791988	0.00993377483443709
target_cancer_14_alveolar_type_2	0	0	0.0045662100456621	0.00967741935483871
target_cancer_15_alveolar_type_2	0	0	0.00461538461538462	0.0099009900990099
target_cancer_23_alveolar_type_2	0	0	0.00451127819548872	0.00943396226415094
target_cancer_20_alveolar_type_2	0	0	0.00452488687782805	0.00949367088607595
target_cancer_1_alveolar_type_2	0	0	0.0015748031496063	0.00347222222222222
target_cancer_2_alveolar_type_2	0	0	0.00306748466257669	0.00655737704918033
target_cancer_17_alveolar_type_2	0	0	0.00460122699386503	0.00983606557377049
target_cancer_13_alveolar_type_2	0	0	0.00460829493087558	0.00986842105263158
target_cancer_10_alveolar_type_2	0	0	0.00458715596330275	0.00977198697068404
target_cancer_11_alveolar_type_2	0	0	0.0031055900621118	0.00673400673400673
target_cancer_18_alveolar_type_2	0	0	0.00152439024390244	0.00323624595469256
target_cancer_5_alveolar_type_2	0	0	0.0045662100456621	0.00967741935483871
target_cancer_6_alveolar_type_2	0	0	0.00155038759689922	0.00335570469798658
target_cancer_9_alveolar_type_2	0	0	0.0015527950310559	0.00336700336700337
target_cancer_16_alveolar_type_2	0	0	0.0046801872074883	0.0102040816326531
target_cancer_3_alveolar_type_2	0	0	0.00462962962962963	0.00996677740863787
target_cancer_4_alveolar_type_2	0	0	0.00462962962962963	0.00996677740863787
target_cancer_7_alveolar_type_2	0	0	0.00310077519379845	0.00671140939597315
target_cancer_8_alveolar_type_2	0	0	0.00158478605388273	0.00352112676056338
target_cancer_21_alveolar_type_2	0	0	0.00157728706624606	0.00348432055749129
target_cancer_22_alveolar_type_2	0	0	0.00470957613814757	0.0103448275862069
target_cancer_19_alveolar_type_2	0	0	0	0
target_cancer_0_basal_cell	0	0	0.00459418070444104	0.00980392156862745
target_cancer_12_basal_cell	0	0	0.00459418070444104	0.00980392156862745
target_cancer_14_basal_cell	0	0	0.0045662100456621	0.00967741935483871
target_cancer_15_basal_cell	0	0	0.00460829493087558	0.00986842105263158
target_cancer_23_basal_cell	0	0	0.00602409638554217	0.00943396226415094
target_cancer_20_basal_cell	0	0	0.00602409638554217	0.0126182965299685
target_cancer_1_basal_cell	0	0	0.0015600624024961	0.00340136054421769
target_cancer_2_basal_cell	0	0	0.00305343511450382	0.00649350649350649
target_cancer_17_basal_cell	0	0	0.00460122699386503	0.00983606557377049
target_cancer_13_basal_cell	0	0	0.00460829493087558	0.00986842105263158
target_cancer_10_basal_cell	0	0	0.00459418070444104	0.00980392156862745
target_cancer_11_basal_cell	0	0	0.00463678516228748	0.01
target_cancer_18_basal_cell	0	0	0.00151515151515152	0.00319488817891374
target_cancer_5_basal_cell	0	0	0.00459418070444104	0.00980392156862745
target_cancer_9_basal_cell	0	0	0.00155038759689922	0.00335570469798658
target_cancer_22_basal_cell	0	0	0.0046656298600311	0.0101351351351351
target_cancer_4_basal_cell	0	0	0.00464396284829721	0.0100334448160535
target_cancer_6_basal_cell	0	0	0.0015600624024961	0.00340136054421769
target_cancer_3_basal_cell	0	0	0.0046656298600311	0.0101351351351351
target_cancer_7_basal_cell	0	0	0.0031055900621118	0.00673400673400673
target_cancer_19_basal_cell	0	0	0	0
target_cancer_21_basal_cell	0	0	0.00156739811912226	0.00343642611683849
target_cancer_16_basal_cell	0	0	0.00470957613814757	0.0103448275862069
target_cancer_8_basal_cell	0	0	0.00317460317460317	0.00706713780918728
target_cancer_0_ciliated_cell	0	0	0.00476190476190476	0.0106007067137809
target_cancer_10_ciliated_cell	0	0	0.004739336492891	0.0104895104895105
target_cancer_11_ciliated_cell	0	0	0.00317460317460317	0.00706713780918728
target_cancer_13_ciliated_cell	0	0	0.00476947535771065	0.0106382978723404
target_cancer_14_ciliated_cell	0	0	0.00473186119873817	0.0104529616724739
target_cancer_15_ciliated_cell	0	0	0.00476190476190476	0.0106007067137809
target_cancer_18_ciliated_cell	0	0	0.00159489633173844	0.00357142857142857
target_cancer_2_ciliated_cell	0	0	0.00315955766192733	0.00699300699300699
target_cancer_20_ciliated_cell	0	0	0.00471698113207547	0.0103806228373702
target_cancer_23_ciliated_cell	0	0	0.00471698113207547	0.0103806228373702
target_cancer_5_ciliated_cell	0	0	0.004739336492891	0.0104895104895105
target_cancer_6_ciliated_cell	0	0	0.00159744408945687	0.003584229390681
target_cancer_9_ciliated_cell	0	0	0.00159744408945687	0.003584229390681
target_cancer_1_ciliated_cell	0	0	0.00159235668789809	0.00355871886120996
target_cancer_22_ciliated_cell	0	0	0.00478468899521531	0.0107142857142857
target_cancer_12_ciliated_cell	0	0	0.00477707006369427	0.0106761565836299
target_cancer_16_ciliated_cell	0	0	0.00478468899521531	0.0107142857142857
target_cancer_17_ciliated_cell	0	0	0.00476947535771065	0.0106382978723404
target_cancer_3_ciliated_cell	0	0	0.00477707006369427	0.0106761565836299
target_cancer_4_ciliated_cell	0	0	0.00477707006369427	0.0106761565836299
target_cancer_7_ciliated_cell	0	0	0.00318979266347687	0.00714285714285714
target_cancer_21_ciliated_cell	0	0	0.0016	0.00359712230215827
target_cancer_8_ciliated_cell	0	0	0.00321027287319422	0.0072463768115942
target_cancer_19_ciliated_cell	0	0	0	0
target_cancer_0_club cell	0	0.00813008130081301	0.00609756097560976	0.0129449838187702
target_cancer_10_club cell	0	0.0078740157480315	0.00606060606060606	0.012779552715655
target_cancer_11_club cell	0	0.00847457627118644	0.00614439324116743	0.0131578947368421
target_cancer_12_club cell	0	0.00826446280991736	0.00611620795107034	0.0130293159609121
target_cancer_13_club cell	0	0.00806451612903226	0.0060882800608828	0.0129032258064516
target_cancer_14_club cell	0	0.008	0.0060790273556231	0.0128617363344051
target_cancer_15_club cell	0	0.00833333333333333	0.00612557427258806	0.0130718954248366
target_cancer_17_club cell	0	0.008	0.0060790273556231	0.0128617363344051
target_cancer_18_club cell	0	0.008	0.00303030303030303	0.00638977635782748
target_cancer_2_club cell	0	0.00826446280991736	0.00458015267175573	0.00974025974025974
target_cancer_20_club cell	0	0.00719424460431655	0.00745156482861401	0.0154320987654321
target_cancer_23_club cell	0	0.00735294117647059	0.00597907324364723	0.0124223602484472
target_cancer_5_club cell	0	0.0078740157480315	0.00606060606060606	0.012779552715655
target_cancer_6_club cell	0	0.00847457627118644	0.00306278713629403	0.0065359477124183
target_cancer_9_club cell	0	0.00847457627118644	0.00306278713629403	0.0065359477124183
target_cancer_22_club cell	0	0.00925925925925926	0.0062402496099844	0.0136054421768707
target_cancer_4_club cell	0	0.00840336134453781	0.00613496932515337	0.0131147540983607
target_cancer_1_club cell	0	0.00970873786407767	0.00313479623824451	0.00687285223367698
target_cancer_3_club cell	0	0.00840336134453781	0.00613496932515337	0.0131147540983607
target_cancer_7_club cell	0	0.00862068965517241	0.00461538461538462	0.0099009900990099
target_cancer_16_club cell	0	0.00917431192660551	0.00623052959501558	0.0135593220338983
target_cancer_8_club cell	0	0.0101010101010101	0.004739336492891	0.0104895104895105
target_cancer_21_club cell	0	0.00970873786407767	0.00313479623824451	0.00687285223367698
target_cancer_19_club cell	0	0.0112359550561798	0.0016	0.00359712230215827
target_cancer_0_hepatocyte	0	0	0.003125	0.0068259385665529
target_cancer_10_hepatocyte	0	0	0.003125	0.0068259385665529
target_cancer_11_hepatocyte	0	0	0.00157728706624606	0.00348432055749129
target_cancer_12_hepatocyte	0	0	0.00315955766192733	0.00699300699300699
target_cancer_13_hepatocyte	0	0	0.00313971742543171	0.00689655172413793
target_cancer_14_hepatocyte	0	0	0.00313479623824451	0.00687285223367698
target_cancer_15_hepatocyte	0	0	0.00315457413249211	0.00696864111498258
target_cancer_17_hepatocyte	0	0	0.00316455696202532	0.00701754385964912
target_cancer_18_hepatocyte	0	0	0.00156739811912226	0.00343642611683849
target_cancer_2_hepatocyte	0	0	0.0031201248049922	0.00680272108843537
target_cancer_20_hepatocyte	0	0	0.00311526479750779	0.00677966101694915
target_cancer_23_hepatocyte	0	0	0.0031104199066874	0.00675675675675676
target_cancer_5_hepatocyte	0	0	0.00313479623824451	0.00687285223367698
target_cancer_6_hepatocyte	0	0	0.00158478605388273	0.00352112676056338
target_cancer_9_hepatocyte	0	0	0.00157977883096367	0.0034965034965035
target_cancer_16_hepatocyte	0	0	0.00317460317460317	0.00706713780918728
target_cancer_3_hepatocyte	0	0	0.00315457413249211	0.00696864111498258
target_cancer_4_hepatocyte	0	0	0.00314465408805031	0.0069204152249135
target_cancer_7_hepatocyte	0	0	0.00315955766192733	0.00699300699300699
target_cancer_8_hepatocyte	0	0	0.00159235668789809	0.00355871886120996
target_cancer_21_hepatocyte	0	0	0.00158227848101266	0.00350877192982456
target_cancer_19_hepatocyte	0	0	0	0
target_cancer_22_hepatocyte	0	0	0.00319488817891374	0.00716845878136201
target_cancer_1_hepatocyte	0	0	0.00159235668789809	0.00355871886120996
target_cancer_0_ionocyte	0	0	0.0046801872074883	0.0102040816326531
target_cancer_10_ionocyte	0	0	0.00462962962962963	0.00996677740863787
target_cancer_11_ionocyte	0	0	0.00470219435736677	0.0103092783505155
target_cancer_12_ionocyte	0	0	0.00470219435736677	0.0103092783505155
target_cancer_13_ionocyte	0	0	0.00467289719626168	0.0101694915254237
target_cancer_14_ionocyte	0	0	0.0046656298600311	0.0101351351351351
target_cancer_15_ionocyte	0	0	0.0046801872074883	0.0102040816326531
target_cancer_17_ionocyte	0	0	0.00465116279069767	0.0100671140939597
target_cancer_18_ionocyte	0	0	0.00154559505409583	0.00333333333333333
target_cancer_2_ionocyte	0	0	0.00310077519379845	0.00671140939597315
target_cancer_20_ionocyte	0	0	0.00614439324116743	0.0131578947368421
target_cancer_23_ionocyte	0	0	0.00460122699386503	0.00983606557377049
target_cancer_5_ionocyte	0	0	0.00461538461538462	0.0099009900990099
target_cancer_6_ionocyte	0	0	0.00156739811912226	0.00343642611683849
target_cancer_9_ionocyte	0	0	0.0015600624024961	0.00340136054421769
target_cancer_16_ionocyte	0	0	0.0047244094488189	0.0104166666666667
target_cancer_3_ionocyte	0	0	0.0046656298600311	0.0101351351351351
target_cancer_4_ionocyte	0	0	0.00467289719626168	0.0101694915254237
target_cancer_7_ionocyte	0	0	0.00312989045383412	0.00684931506849315
target_cancer_8_ionocyte	0	0	0.00318979266347687	0.00714285714285714
target_cancer_21_ionocyte	0	0	0.00158730158730159	0.00353356890459364
target_cancer_1_ionocyte	0	0	0.00158982511923688	0.00354609929078014
target_cancer_19_ionocyte	0	0	0	0
target_cancer_22_ionocyte	0	0	0.004739336492891	0.0104895104895105
target_cancer_0_alveolar_type_1	0	0	0.0046583850931677	0.0101010101010101
target_cancer_10_alveolar_type_1	0	0	0.00464396284829721	0.0100334448160535
target_cancer_11_alveolar_type_1	0	0	0.0046801872074883	0.0102040816326531
target_cancer_12_alveolar_type_1	0	0	0.00470219435736677	0.0103092783505155
target_cancer_13_alveolar_type_1	0	0	0.00467289719626168	0.0101694915254237
target_cancer_14_alveolar_type_1	0	0	0.0046656298600311	0.0101351351351351
target_cancer_15_alveolar_type_1	0	0	0.00469483568075117	0.0102739726027397
target_cancer_16_alveolar_type_1	0	0	0.00474683544303797	0.0105263157894737
target_cancer_17_alveolar_type_1	0	0	0.00467289719626168	0.0101694915254237
target_cancer_18_alveolar_type_1	0	0	0.0015527950310559	0.00336700336700337
target_cancer_2_alveolar_type_1	0	0	0.0031201248049922	0.00680272108843537
target_cancer_20_alveolar_type_1	0	0	0.00614439324116743	0.0131578947368421
target_cancer_23_alveolar_type_1	0	0	0.00459418070444104	0.00980392156862745
target_cancer_3_alveolar_type_1	0	0	0.00469483568075117	0.0102739726027397
target_cancer_4_alveolar_type_1	0	0	0.0046875	0.0102389078498294
target_cancer_5_alveolar_type_1	0	0	0.00465116279069767	0.0100671140939597
target_cancer_6_alveolar_type_1	0	0	0.0015625	0.00341296928327645
target_cancer_7_alveolar_type_1	0	0	0.00312989045383412	0.00684931506849315
target_cancer_8_alveolar_type_1	0	0	0.00317965023847377	0.00709219858156028
target_cancer_9_alveolar_type_1	0	0	0.00156494522691706	0.00342465753424658
target_cancer_21_alveolar_type_1	0	0	0.00158478605388273	0.00352112676056338
target_cancer_1_alveolar_type_1	0	0	0.00158730158730159	0.00353356890459364
target_cancer_22_alveolar_type_1	0	0	0.00477707006369427	0.0106761565836299
target_cancer_19_alveolar_type_1	0	0	0	0
target_cancer_0_endothelial	0	0.00884955752212389	0.00619195046439629	0.0133779264214047
target_cancer_10_endothelial	0	0.00833333333333333	0.00612557427258806	0.0130718954248366
target_cancer_11_endothelial	0	0.00909090909090909	0.00622083981337481	0.0135135135135135
target_cancer_12_endothelial	0	0.00892857142857143	0.0062015503875969	0.0134228187919463
target_cancer_13_endothelial	0	0.00869565217391304	0.00617283950617284	0.0132890365448505
target_cancer_14_endothelial	0	0.00862068965517241	0.0061633281972265	0.0132450331125828
target_cancer_15_endothelial	0	0.00892857142857143	0.0062015503875969	0.0134228187919463
target_cancer_16_endothelial	0	0.00934579439252336	0.00625	0.0136518771331058
target_cancer_17_endothelial	0	0.00862068965517241	0.0061633281972265	0.0132450331125828
target_cancer_18_endothelial	0	0.0087719298245614	0.00308166409861325	0.00662251655629139
target_cancer_2_endothelial	0	0.00869565217391304	0.00462249614791988	0.00993377483443709
target_cancer_20_endothelial	0	0.00775193798449612	0.0075642965204236	0.0159235668789809
target_cancer_23_endothelial	0	0.0078740157480315	0.00606060606060606	0.012779552715655
target_cancer_3_endothelial	0	0.0087719298245614	0.00618238021638331	0.0133333333333333
target_cancer_4_endothelial	0	0.00869565217391304	0.00617283950617284	0.0132890365448505
target_cancer_5_endothelial	0	0.00833333333333333	0.00612557427258806	0.0130718954248366
target_cancer_6_endothelial	0	0.00917431192660551	0.0031055900621118	0.00673400673400673
target_cancer_7_endothelial	0	0.00900900900900901	0.00465116279069767	0.0100671140939597
target_cancer_8_endothelial	0	0.0104166666666667	0.00476190476190476	0.0106007067137809
target_cancer_9_endothelial	0	0.00952380952380952	0.003125	0.0068259385665529
target_cancer_21_endothelial	0	0	0.00156739811912226	0.00343642611683849
target_cancer_1_endothelial	0	0.0103092783505155	0.00316455696202532	0.00701754385964912
target_cancer_19_endothelial	0	0.0113636363636364	0.0016025641025641	0.0036101083032491
target_cancer_22_endothelial	0	0.00970873786407767	0.00628930817610063	0.013840830449827
target_cancer_11_melanocytes	0	0.0194174757281553	0.00786163522012579	0.0173010380622837
target_cancer_1_melanocytes	0	0.0212765957446809	0.00476947535771065	0.0106382978723404
target_cancer_21_melanocytes	0	0.0208333333333333	0.00475435816164818	0.0105633802816901
target_cancer_0_melanocytes	0	0.0181818181818182	0.00777604976671851	0.0168918918918919
target_cancer_10_melanocytes	0	0.0185185185185185	0.0078003120124805	0.0170068027210884
target_cancer_12_melanocytes	0	0.0196078431372549	0.0078740157480315	0.0173611111111111
target_cancer_13_melanocytes	0	0.0186915887850467	0.0078125	0.0170648464163823
target_cancer_14_melanocytes	0	0.018348623853211	0.00778816199376947	0.0169491525423729
target_cancer_15_melanocytes	0	0.0194174757281553	0.00786163522012579	0.0173010380622837
target_cancer_16_melanocytes	0	0.0208333333333333	0.00794912559618442	0.0177304964539007
target_cancer_17_melanocytes	0	0.019047619047619	0.00783699059561128	0.0171821305841924
target_cancer_18_melanocytes	0	0.0185185185185185	0.0046656298600311	0.0101351351351351
target_cancer_19_melanocytes	0	0.0227272727272727	0.00320512820512821	0.0072202166064982
target_cancer_2_melanocytes	0	0.0188679245283019	0.00625	0.0136518771331058
target_cancer_20_melanocytes	0	0.0173913043478261	0.00927357032457496	0.02
target_cancer_22_melanocytes	0	0.0206185567010309	0.00793650793650794	0.0176678445229682
target_cancer_23_melanocytes	0	0.0178571428571429	0.00775193798449612	0.0167785234899329
target_cancer_3_melanocytes	0	0.0194174757281553	0.00786163522012579	0.0173010380622837
target_cancer_4_melanocytes	0	0.0196078431372549	0.0078740157480315	0.0173611111111111
target_cancer_5_melanocytes	0	0.0185185185185185	0.0078003120124805	0.0170068027210884
target_cancer_6_melanocytes	0	0.02	0.0047244094488189	0.0104166666666667
target_cancer_7_melanocytes	0	0.0188679245283019	0.00625	0.0136518771331058
target_cancer_9_melanocytes	0	0.0196078431372549	0.00470957613814757	0.0103448275862069
target_cancer_8_melanocytes	0	0.0108695652173913	0.00479233226837061	0.010752688172043
target_cancer_21_Neutrophils	0	0	0	0
target_cancer_0_Neutrophils	0	0	0	0
target_cancer_10_Neutrophils	0	0	0	0
target_cancer_11_Neutrophils	0	0	0	0
target_cancer_13_Neutrophils	0	0	0	0
target_cancer_14_Neutrophils	0	0	0	0
target_cancer_18_Neutrophils	0	0	0	0
target_cancer_2_Neutrophils	0	0	0	0
target_cancer_20_Neutrophils	0	0	0	0
target_cancer_23_Neutrophils	0	0	0	0
target_cancer_6_Neutrophils	0	0	0	0
target_cancer_8_Neutrophils	0	0	0	0
target_cancer_9_Neutrophils	0	0	0	0
target_cancer_12_Neutrophils	0	0	0	0
target_cancer_15_Neutrophils	0	0	0	0
target_cancer_16_Neutrophils	0	0	0	0
target_cancer_17_Neutrophils	0	0	0	0
target_cancer_3_Neutrophils	0	0	0	0
target_cancer_4_Neutrophils	0	0	0	0
target_cancer_5_Neutrophils	0	0	0	0
target_cancer_7_Neutrophils	0	0	0	0
target_cancer_1_Neutrophils	0	0	0	0
target_cancer_22_Neutrophils	0	0	0	0
target_cancer_19_Neutrophils	0	0	0	0
target_cancer_10_stroma	0	0.00980392156862745	0.0062992125984252	0.0138888888888889
target_cancer_12_stroma	0	0.0104166666666667	0.00635930047694754	0.0141843971631206
target_cancer_13_stroma	0	0.0101010101010101	0.00632911392405063	0.0140350877192982
target_cancer_15_stroma	0	0.0102040816326531	0.0063391442155309	0.0140845070422535
target_cancer_16_stroma	0	0.01	0.00631911532385466	0.013986013986014
target_cancer_17_stroma	0	0.00970873786407767	0.00628930817610063	0.013840830449827
target_cancer_18_stroma	0	0.0101010101010101	0.00315457413249211	0.00696864111498258
target_cancer_2_stroma	0	0.00970873786407767	0.00470957613814757	0.0103448275862069
target_cancer_20_stroma	0	0.00925925925925926	0.0078125	0.0170648464163823
target_cancer_3_stroma	0	0.00980392156862745	0.0062992125984252	0.0138888888888889
target_cancer_4_stroma	0	0.00980392156862745	0.0062992125984252	0.0138888888888889
target_cancer_5_stroma	0	0.00952380952380952	0.00626959247648903	0.013745704467354
target_cancer_7_stroma	0	0.0102040816326531	0.00474683544303797	0.0105263157894737
target_cancer_1_stroma	0	0.0104166666666667	0.00316957210776545	0.00704225352112676
target_cancer_0_stroma	0	0.00980392156862745	0.0062992125984252	0.0138888888888889
target_cancer_11_stroma	0	0.0101010101010101	0.00632911392405063	0.0140350877192982
target_cancer_14_stroma	0	0.01	0.00631911532385466	0.013986013986014
target_cancer_22_stroma	0	0.0104166666666667	0.00635930047694754	0.0141843971631206
target_cancer_23_stroma	0	0.00943396226415094	0.00625978090766823	0.0136986301369863
target_cancer_6_stroma	0	0.0105263157894737	0.00317460317460317	0.00706713780918728
target_cancer_8_stroma	0	0.0111111111111111	0.00480769230769231	0.0108303249097473
target_cancer_9_stroma	0	0.0105263157894737	0.00317460317460317	0.00706713780918728
target_cancer_19_stroma	0	0.0120481927710843	0.00161550888529887	0.00367647058823529
target_cancer_21_stroma	0	0.010989010989011	0.00319488817891374	0.00716845878136201
target_cancer_0_neuro_e_cell	0	0.0106382978723404	0.00317965023847377	0.00709219858156028
target_cancer_10_neuro_e_cell	0	0.0106382978723404	0.00317965023847377	0.00709219858156028
target_cancer_11_neuro_e_cell	0	0.010989010989011	0.00319488817891374	0.00716845878136201
target_cancer_12_neuro_e_cell	0	0.010989010989011	0.00319488817891374	0.00716845878136201
target_cancer_13_neuro_e_cell	0	0.0106382978723404	0.00317965023847377	0.00709219858156028
target_cancer_14_neuro_e_cell	0	0.0104166666666667	0.00316957210776545	0.00704225352112676
target_cancer_15_neuro_e_cell	0	0.010752688172043	0.00318471337579618	0.00711743772241993
target_cancer_16_neuro_e_cell	0	0.0106382978723404	0.00317965023847377	0.00709219858156028
target_cancer_17_neuro_e_cell	0	0.0103092783505155	0.00316455696202532	0.00701754385964912
target_cancer_18_neuro_e_cell	0	0.0103092783505155	0.00316455696202532	0.00701754385964912
target_cancer_2_neuro_e_cell	0	0.0105263157894737	0.00317460317460317	0.00706713780918728
target_cancer_20_neuro_e_cell	0	0.01	0.0031496062992126	0.00694444444444444
target_cancer_22_neuro_e_cell	0	0.0106382978723404	0.00317965023847377	0.00709219858156028
target_cancer_23_neuro_e_cell	0	0.0104166666666667	0.00316957210776545	0.00704225352112676
target_cancer_3_neuro_e_cell	0	0.0105263157894737	0.00317460317460317	0.00706713780918728
target_cancer_4_neuro_e_cell	0	0.0105263157894737	0.00317460317460317	0.00706713780918728
target_cancer_5_neuro_e_cell	0	0.0103092783505155	0.00316455696202532	0.00701754385964912
target_cancer_6_neuro_e_cell	0	0.0108695652173913	0.00318979266347687	0.00714285714285714
target_cancer_7_neuro_e_cell	0	0.0106382978723404	0.00317965023847377	0.00709219858156028
target_cancer_8_neuro_e_cell	0	0.0114942528735632	0.00321543408360129	0.00727272727272727
target_cancer_9_neuro_e_cell	0	0.010752688172043	0.00318471337579618	0.00711743772241993
target_cancer_19_neuro_e_cell	0	0.0116279069767442	0.00160771704180064	0.00363636363636364
target_cancer_1_neuro_e_cell	0	0.0114942528735632	0.00160513643659711	0.0036231884057971
target_cancer_21_neuro_e_cell	0	0.0119047619047619	0.00161290322580645	0.00366300366300366
source_cancer_16_cancer	0.0206185567010309	0.0149253731343284	0.0120481927710843	0.0124610591900312
source_cancer_17_cancer	0.0176991150442478	0.0133333333333333	0.0102790014684288	0.0118694362017804
source_cancer_18_cancer	0.00775193798449612	0.00602409638554217	0.00716332378223496	0.00564971751412429
source_cancer_23_cancer	0.00641025641025641	0.0104166666666667	0.0110803324099723	0.00789473684210526
source_cancer_3_cancer	0.0178571428571429	0.0134228187919463	0.0117820324005891	0.0119047619047619
source_cancer_4_cancer	0.0173913043478261	0.0131578947368421	0.0117302052785924	0.0117994100294985
source_cancer_5_cancer	0.0158730158730159	0.0122699386503067	0.0115440115440115	0.00854700854700855
source_cancer_14_cancer	0.0143884892086331	0.0113636363636364	0.0127659574468085	0.00824175824175824
source_cancer_15_cancer	0.0087719298245614	0.0133333333333333	0.0117647058823529	0.00589970501474926
source_cancer_2_cancer	0.0173913043478261	0.0131578947368421	0.0102489019033675	0.00882352941176471
source_cancer_6_cancer	0.0178571428571429	0.0134228187919463	0.0117820324005891	0.00890207715133531
source_cancer_9_cancer	0.0172413793103448	0.0130718954248366	0.0117130307467057	0.00879765395894428
source_cancer_0_cancer	0.0150375939849624	0.0117647058823529	0.0128755364806867	0.0112044817927171
source_cancer_10_cancer	0.0151515151515152	0.0118343195266272	0.011444921316166	0.0112359550561798
source_cancer_11_cancer	0.0172413793103448	0.0130718954248366	0.0131964809384164	0.0117647058823529
source_cancer_12_cancer	0.0161290322580645	0.0124223602484472	0.0115774240231548	0.0114942528735632
source_cancer_20_cancer	0.0150375939849624	0.0117647058823529	0.0114285714285714	0.0112044817927171
source_cancer_19_cancer	0	0	0.00622083981337481	0
source_cancer_22_cancer	0.010989010989011	0.0078125	0.00757575757575758	0.00632911392405063
source_cancer_1_cancer	0.0238095238095238	0.0165289256198347	0.0107361963190184	0.00970873786407767
source_cancer_13_cancer	0.0196078431372549	0.0143884892086331	0.0104477611940299	0.00917431192660551
source_cancer_21_cancer	0.0217391304347826	0.0155038759689922	0.0106060606060606	0.0126582278481013
source_cancer_7_cancer	0.02	0.0145985401459854	0.0135135135135135	0.0123456790123457
source_cancer_8_cancer	0.0125	0.00854700854700855	0.00925925925925926	0.00655737704918033
source_cancer_16_Dendritic	0.0263157894736842	0.0176991150442478	0.00930232558139535	0.0133333333333333
source_cancer_17_Dendritic	0.025	0.0170940170940171	0.00769230769230769	0.0131578947368421
source_cancer_18_Dendritic	0.0126582278481013	0.00862068965517241	0.00461538461538462	0.00657894736842105
source_cancer_3_Dendritic	0.024390243902439	0.0168067226890756	0.00921658986175115	0.0130718954248366
source_cancer_4_Dendritic	0.0246913580246914	0.0169491525423729	0.00923076923076923	0.0131147540983607
source_cancer_5_Dendritic	0.0217391304347826	0.0155038759689922	0.0106060606060606	0.0126582278481013
source_cancer_14_Dendritic	0.0224719101123595	0.0158730158730159	0.0121951219512195	0.012779552715655
source_cancer_15_Dendritic	0.0114942528735632	0.016260162601626	0.0107033639143731	0.00964630225080386
source_cancer_2_Dendritic	0.024390243902439	0.0168067226890756	0.0107692307692308	0.0130718954248366
source_cancer_6_Dendritic	0.0238095238095238	0.0165289256198347	0.0122887864823349	0.012987012987013
source_cancer_9_Dendritic	0.0246913580246914	0.0169491525423729	0.00923076923076923	0.0131147540983607
source_cancer_0_Dendritic	0.0238095238095238	0.0165289256198347	0.0107361963190184	0.012987012987013
source_cancer_1_Dendritic	0.0294117647058824	0.019047619047619	0.00783699059561128	0.0136986301369863
source_cancer_10_Dendritic	0.0222222222222222	0.015748031496063	0.00910470409711684	0.0127388535031847
source_cancer_11_Dendritic	0.0229885057471264	0.0161290322580645	0.0106870229007634	0.0128617363344051
source_cancer_12_Dendritic	0.0224719101123595	0.0158730158730159	0.0106544901065449	0.012779552715655
source_cancer_13_Dendritic	0.0253164556962025	0.0172413793103448	0.0108191653786708	0.0132013201320132
source_cancer_20_Dendritic	0.0224719101123595	0.0158730158730159	0.0106544901065449	0.012779552715655
source_cancer_21_Dendritic	0.0285714285714286	0.0186915887850467	0.0078125	0.0136054421768707
source_cancer_7_Dendritic	0.027027027027027	0.018018018018018	0.00933125972006221	0.0134228187919463
source_cancer_8_Dendritic	0.0277777777777778	0.018348623853211	0.00778816199376947	0.0135135135135135
source_cancer_19_Dendritic	0	0	0.00478468899521531	0.00354609929078014
source_cancer_23_Dendritic	0.0103092783505155	0.0150375939849624	0.00902255639097744	0.00934579439252336
source_cancer_22_Dendritic	0	0.00980392156862745	0.00313971742543171	0.00689655172413793
source_cancer_16_fibroblast	0.0158730158730159	0	0.00473186119873817	0.00346020761245675
source_cancer_17_fibroblast	0.0138888888888889	0	0.0046656298600311	0.00335570469798658
source_cancer_18_fibroblast	0.0117647058823529	0	0.00457317073170732	0.00321543408360129
source_cancer_23_fibroblast	0	0	0.00454545454545455	0
source_cancer_3_fibroblast	0.0135135135135135	0	0.00465116279069767	0.00333333333333333
source_cancer_4_fibroblast	0.0135135135135135	0	0.00465116279069767	0.00333333333333333
source_cancer_5_fibroblast	0.024390243902439	0.00833333333333333	0.00766871165644172	0.00649350649350649
source_cancer_14_fibroblast	0.0117647058823529	0	0.00764525993883792	0.00321543408360129
source_cancer_15_fibroblast	0	0	0.0062015503875969	0
source_cancer_2_fibroblast	0.0126582278481013	0	0.00771604938271605	0.00327868852459016
source_cancer_6_fibroblast	0.027027027027027	0.00892857142857143	0.0077639751552795	0.00666666666666667
source_cancer_9_fibroblast	0.012987012987013	0	0.00930232558139535	0.0033003300330033
source_cancer_22_fibroblast	0	0	0.0031496062992126	0
source_cancer_0_fibroblast	0.0117647058823529	0	0.00610687022900763	0.00321543408360129
source_cancer_1_fibroblast	0.0338983050847458	0.0103092783505155	0.00475435816164818	0.00701754385964912
source_cancer_10_fibroblast	0.0227272727272727	0.00793650793650794	0.00606980273141123	0.00636942675159236
source_cancer_11_fibroblast	0.0235294117647059	0.00813008130081301	0.00763358778625954	0.00643086816720257
source_cancer_12_fibroblast	0.0131578947368421	0	0.00619195046439629	0.0033112582781457
source_cancer_13_fibroblast	0.0138888888888889	0	0.00623052959501558	0.00335570469798658
source_cancer_20_fibroblast	0.0121951219512195	0	0.00613496932515337	0.00324675324675325
source_cancer_21_fibroblast	0.0169491525423729	0	0.00476190476190476	0.00350877192982456
source_cancer_7_fibroblast	0.0285714285714286	0.00925925925925926	0.0062402496099844	0.00675675675675676
source_cancer_8_fibroblast	0.0166666666666667	0	0.00634920634920635	0.0034965034965035
source_cancer_19_fibroblast	0	0	0.00318979266347687	0
source_cancer_16_MF-Monocytes	0.0266666666666667	0.0178571428571429	0.0093167701863354	0.0133779264214047
source_cancer_17_MF-Monocytes	0.025974025974026	0.0175438596491228	0.00928792569659443	0.0132890365448505
source_cancer_18_MF-Monocytes	0.0125	0.00854700854700855	0.00460829493087558	0.00655737704918033
source_cancer_23_MF-Monocytes	0.0103092783505155	0.0150375939849624	0.00902255639097744	0.00934579439252336
source_cancer_3_MF-Monocytes	0.0263157894736842	0.0176991150442478	0.00930232558139535	0.0133333333333333
source_cancer_4_MF-Monocytes	0.025974025974026	0.0175438596491228	0.00928792569659443	0.0132890365448505
source_cancer_5_MF-Monocytes	0.021978021978022	0.015625	0.0106221547799697	0.0126984126984127
source_cancer_14_MF-Monocytes	0.0224719101123595	0.0158730158730159	0.0121951219512195	0.012779552715655
source_cancer_15_MF-Monocytes	0.0116279069767442	0.0163934426229508	0.0107197549770291	0.00967741935483871
source_cancer_2_MF-Monocytes	0.0240963855421687	0.0166666666666667	0.010752688172043	0.0130293159609121
source_cancer_6_MF-Monocytes	0.024390243902439	0.0168067226890756	0.012326656394453	0.0130718954248366
source_cancer_9_MF-Monocytes	0.0240963855421687	0.0166666666666667	0.010752688172043	0.0130293159609121
source_cancer_0_MF-Monocytes	0.0238095238095238	0.0165289256198347	0.0107361963190184	0.012987012987013
source_cancer_1_MF-Monocytes	0.0298507462686567	0.0192307692307692	0.00784929356357928	0.013745704467354
source_cancer_10_MF-Monocytes	0.0224719101123595	0.0158730158730159	0.00911854103343465	0.012779552715655
source_cancer_11_MF-Monocytes	0.0227272727272727	0.016	0.0106707317073171	0.0128205128205128
source_cancer_12_MF-Monocytes	0.0224719101123595	0.0158730158730159	0.0106544901065449	0.012779552715655
source_cancer_13_MF-Monocytes	0.0253164556962025	0.0172413793103448	0.0108191653786708	0.0132013201320132
source_cancer_20_MF-Monocytes	0.021978021978022	0.015625	0.0106221547799697	0.0126984126984127
source_cancer_21_MF-Monocytes	0.0289855072463768	0.0188679245283019	0.00782472613458529	0.0136518771331058
source_cancer_7_MF-Monocytes	0.0263157894736842	0.0176991150442478	0.0108695652173913	0.0133333333333333
source_cancer_8_MF-Monocytes	0.0266666666666667	0.0178571428571429	0.0093167701863354	0.0133779264214047
source_cancer_19_MF-Monocytes	0	0	0.0048	0.00357142857142857
source_cancer_22_MF-Monocytes	0	0.0099009900990099	0.0047244094488189	0.0069204152249135
source_cancer_16_pDCs	0.0273972602739726	0.00900900900900901	0.00934579439252336	0.0100671140939597
source_cancer_17_pDCs	0.025974025974026	0.00869565217391304	0.00928792569659443	0.00993377483443709
source_cancer_18_pDCs	0.0136986301369863	0	0.0046583850931677	0.00334448160535117
source_cancer_3_pDCs	0.025974025974026	0.00869565217391304	0.00928792569659443	0.00993377483443709
source_cancer_4_pDCs	0.0256410256410256	0.00862068965517241	0.00927357032457496	0.0099009900990099
source_cancer_5_pDCs	0.025	0.00847457627118644	0.0108024691358025	0.00983606557377049
source_cancer_14_pDCs	0.0235294117647059	0.00813008130081301	0.0122699386503067	0.00967741935483871
source_cancer_15_pDCs	0.0136986301369863	0.00909090909090909	0.0093603744149766	0.00671140939597315
source_cancer_2_pDCs	0.0256410256410256	0.00862068965517241	0.0108359133126935	0.0099009900990099
source_cancer_6_pDCs	0.0273972602739726	0.00900900900900901	0.0125	0.0100671140939597
source_cancer_9_pDCs	0.0266666666666667	0.00884955752212389	0.0108864696734059	0.01
source_cancer_0_pDCs	0.0232558139534884	0.00806451612903226	0.0107033639143731	0.00964630225080386
source_cancer_1_pDCs	0.0307692307692308	0.00970873786407767	0.00946372239747634	0.0103448275862069
source_cancer_10_pDCs	0.0246913580246914	0.00840336134453781	0.00923076923076923	0.00980392156862745
source_cancer_11_pDCs	0.0253164556962025	0.00854700854700855	0.0108191653786708	0.00986842105263158
source_cancer_12_pDCs	0.0238095238095238	0.00819672131147541	0.0107361963190184	0.00970873786407767
source_cancer_13_pDCs	0.028169014084507	0.00917431192660551	0.0109546165884194	0.0101351351351351
source_cancer_20_pDCs	0.0263157894736842	0.0087719298245614	0.00930232558139535	0.00996677740863787
source_cancer_21_pDCs	0.03125	0.00980392156862745	0.00947867298578199	0.0103806228373702
source_cancer_22_pDCs	0.0166666666666667	0	0.00475435816164818	0.00701754385964912
source_cancer_7_pDCs	0.0285714285714286	0.00925925925925926	0.0109717868338558	0.0101694915254237
source_cancer_8_pDCs	0.0307692307692308	0.00970873786407767	0.0078740157480315	0.0103448275862069
source_cancer_19_pDCs	0	0	0.00642054574638844	0.003584229390681
source_cancer_23_pDCs	0.0112359550561798	0.00793650793650794	0.00759878419452888	0.00636942675159236
source_cancer_0_club cell	0.010752688172043	0	0.00755287009063444	0.00313479623824451
source_cancer_10_club cell	0.010989010989011	0	0.00605143721633888	0.00315457413249211
source_cancer_11_club cell	0.0120481927710843	0	0.00766871165644172	0.00323624595469256
source_cancer_12_club cell	0.0111111111111111	0	0.00758725341426404	0.00316455696202532
source_cancer_14_club cell	0.0103092783505155	0	0.00902255639097744	0.00309597523219814
source_cancer_16_club cell	0.0138888888888889	0	0.00623052959501558	0.00335570469798658
source_cancer_18_club cell	0.01	0	0.00597014925373134	0.00306748466257669
source_cancer_23_club cell	0	0	0.00596125186289121	0
source_cancer_5_club cell	0.0108695652173913	0	0.0075642965204236	0.00314465408805031
source_cancer_9_club cell	0.0120481927710843	0	0.00766871165644172	0.00323624595469256
source_cancer_2_club cell	0.0121951219512195	0	0.00768049155145929	0.00324675324675325
source_cancer_20_club cell	0.010752688172043	0	0.00755287009063444	0.00313479623824451
source_cancer_6_club cell	0.0121951219512195	0	0.00768049155145929	0.00324675324675325
source_cancer_19_club cell	0	0	0.00471698113207547	0
source_cancer_17_club cell	0.0126582278481013	0	0.0061633281972265	0.00327868852459016
source_cancer_22_club cell	0	0	0.0046656298600311	0
source_cancer_3_club cell	0.0125	0	0.00615384615384615	0.00326797385620915
source_cancer_4_club cell	0.0126582278481013	0	0.0061633281972265	0.00327868852459016
source_cancer_1_club cell	0.0169491525423729	0	0.00635930047694754	0.00350877192982456
source_cancer_13_club cell	0.0126582278481013	0	0.00771604938271605	0.00327868852459016
source_cancer_21_club cell	0.0158730158730159	0	0.00631911532385466	0.00346020761245675
source_cancer_7_club cell	0.0136986301369863	0	0.00778816199376947	0.00334448160535117
source_cancer_8_club cell	0.0151515151515152	0	0.0078740157480315	0.00342465753424658
source_cancer_15_club cell	0	0	0.00618238021638331	0
source_cancer_0_alveolar_type_1	0.0126582278481013	0	0.0061633281972265	0.00327868852459016
source_cancer_1_alveolar_type_1	0.0185185185185185	0	0.00319488817891374	0.00357142857142857
source_cancer_10_alveolar_type_1	0.0126582278481013	0	0.00461538461538462	0.00327868852459016
source_cancer_11_alveolar_type_1	0.0131578947368421	0	0.00619195046439629	0.0033112582781457
source_cancer_12_alveolar_type_1	0.012987012987013	0	0.00618238021638331	0.0033003300330033
source_cancer_13_alveolar_type_1	0.0140845070422535	0	0.0062402496099844	0.00336700336700337
source_cancer_14_alveolar_type_1	0.0120481927710843	0	0.00612557427258806	0.00323624595469256
source_cancer_16_alveolar_type_1	0.0161290322580645	0	0.004739336492891	0.00347222222222222
source_cancer_17_alveolar_type_1	0.0144927536231884	0	0.0046875	0.00338983050847458
source_cancer_18_alveolar_type_1	0.0119047619047619	0	0.00458015267175573	0.0032258064516129
source_cancer_2_alveolar_type_1	0.0136986301369863	0	0.00622083981337481	0.00334448160535117
source_cancer_20_alveolar_type_1	0.0119047619047619	0	0.00611620795107034	0.0032258064516129
source_cancer_21_alveolar_type_1	0.0175438596491228	0	0.00317965023847377	0.00353356890459364
source_cancer_22_alveolar_type_1	0.0153846153846154	0	0.00471698113207547	0.00343642611683849
source_cancer_3_alveolar_type_1	0.0147058823529412	0	0.00469483568075117	0.00340136054421769
source_cancer_4_alveolar_type_1	0.0142857142857143	0	0.0046801872074883	0.00337837837837838
source_cancer_5_alveolar_type_1	0.0126582278481013	0	0.0061633281972265	0.00327868852459016
source_cancer_6_alveolar_type_1	0.0131578947368421	0	0.00619195046439629	0.0033112582781457
source_cancer_7_alveolar_type_1	0.0144927536231884	0	0.00625978090766823	0.00338983050847458
source_cancer_8_alveolar_type_1	0.0161290322580645	0	0.00632911392405063	0.00347222222222222
source_cancer_9_alveolar_type_1	0.0133333333333333	0	0.0062015503875969	0.00332225913621262
source_cancer_23_alveolar_type_1	0	0	0.00458015267175573	0
source_cancer_15_alveolar_type_1	0	0	0.0046656298600311	0
source_cancer_19_alveolar_type_1	0	0	0.00158730158730159	0
source_cancer_0_alveolar_type_2	0.0108695652173913	0	0.0075642965204236	0.00314465408805031
source_cancer_1_alveolar_type_2	0.0181818181818182	0	0.00479233226837061	0.00355871886120996
source_cancer_10_alveolar_type_2	0.0116279069767442	0	0.00609756097560976	0.00320512820512821
source_cancer_11_alveolar_type_2	0.0131578947368421	0	0.00775193798449612	0.0033112582781457
source_cancer_12_alveolar_type_2	0.0117647058823529	0	0.00764525993883792	0.00321543408360129
source_cancer_13_alveolar_type_2	0.0131578947368421	0	0.00775193798449612	0.0033112582781457
source_cancer_14_alveolar_type_2	0.0104166666666667	0	0.0075187969924812	0.0031055900621118
source_cancer_16_alveolar_type_2	0.0149253731343284	0	0.00627943485086342	0.00341296928327645
source_cancer_17_alveolar_type_2	0.0135135135135135	0	0.0062111801242236	0.00333333333333333
source_cancer_18_alveolar_type_2	0.010989010989011	0	0.00605143721633888	0.00315457413249211
source_cancer_2_alveolar_type_2	0.0126582278481013	0	0.00771604938271605	0.00327868852459016
source_cancer_20_alveolar_type_2	0.0116279069767442	0	0.00763358778625954	0.00320512820512821
source_cancer_21_alveolar_type_2	0.0166666666666667	0	0.00475435816164818	0.0034965034965035
source_cancer_3_alveolar_type_2	0.0135135135135135	0	0.0062111801242236	0.00333333333333333
source_cancer_4_alveolar_type_2	0.0131578947368421	0	0.00619195046439629	0.0033112582781457
source_cancer_5_alveolar_type_2	0.0114942528735632	0	0.00762195121951219	0.00319488817891374
source_cancer_6_alveolar_type_2	0.0131578947368421	0	0.00775193798449612	0.0033112582781457
source_cancer_7_alveolar_type_2	0.0140845070422535	0	0.0078125	0.00336700336700337
source_cancer_8_alveolar_type_2	0.0163934426229508	0	0.00793650793650794	0.00348432055749129
source_cancer_9_alveolar_type_2	0.0126582278481013	0	0.00771604938271605	0.00327868852459016
source_cancer_23_alveolar_type_2	0	0	0.00599700149925037	0
source_cancer_22_alveolar_type_2	0	0	0.0047244094488189	0
source_cancer_15_alveolar_type_2	0	0	0.00618238021638331	0
source_cancer_19_alveolar_type_2	0	0	0.00316957210776545	0
source_cancer_0_B-cells-M	0.0166666666666667	0	0.00475435816164818	0.0034965034965035
source_cancer_1_B-cells-M	0.0196078431372549	0	0.00321027287319422	0.0036101083032491
source_cancer_10_B-cells-M	0.0172413793103448	0	0.00317460317460317	0.00352112676056338
source_cancer_11_B-cells-M	0.0169491525423729	0	0.00476190476190476	0.00350877192982456
source_cancer_12_B-cells-M	0.0163934426229508	0	0.00474683544303797	0.00348432055749129
source_cancer_13_B-cells-M	0.0185185185185185	0	0.0048	0.00357142857142857
source_cancer_14_B-cells-M	0.0163934426229508	0	0.00474683544303797	0.00348432055749129
source_cancer_16_B-cells-M	0.02	0	0.00321543408360129	0.0036231884057971
source_cancer_18_B-cells-M	0.0172413793103448	0	0.00317460317460317	0.00352112676056338
source_cancer_2_B-cells-M	0.0166666666666667	0	0.00475435816164818	0.0034965034965035
source_cancer_20_B-cells-M	0.0175438596491228	0	0.00317965023847377	0.00353356890459364
source_cancer_21_B-cells-M	0.0196078431372549	0	0.00321027287319422	0.0036101083032491
source_cancer_3_B-cells-M	0.0175438596491228	0	0.00317965023847377	0.00353356890459364
source_cancer_4_B-cells-M	0.0175438596491228	0	0.00317965023847377	0.00353356890459364
source_cancer_5_B-cells-M	0.0166666666666667	0	0.00475435816164818	0.0034965034965035
source_cancer_6_B-cells-M	0.0172413793103448	0	0.00476947535771065	0.00352112676056338
source_cancer_7_B-cells-M	0.0178571428571429	0	0.00478468899521531	0.00354609929078014
source_cancer_8_B-cells-M	0.0188679245283019	0	0.0032	0.003584229390681
source_cancer_9_B-cells-M	0.0172413793103448	0	0.00476947535771065	0.00352112676056338
source_cancer_17_B-cells-M	0	0	0.0016	0
source_cancer_22_B-cells-M	0	0	0	0
source_cancer_15_B-cells-M	0	0	0.00317965023847377	0
source_cancer_23_B-cells-M	0	0	0.00315457413249211	0
source_cancer_19_B-cells-M	0	0	0.00161290322580645	0
source_cancer_0_endothelial	0.0116279069767442	0	0.00609756097560976	0.00320512820512821
source_cancer_1_endothelial	0.0175438596491228	0	0.00477707006369427	0.00353356890459364
source_cancer_10_endothelial	0.0121951219512195	0	0.00459418070444104	0.00324675324675325
source_cancer_11_endothelial	0.0133333333333333	0	0.0062015503875969	0.00332225913621262
source_cancer_12_endothelial	0.0116279069767442	0	0.00609756097560976	0.00320512820512821
source_cancer_13_endothelial	0.0135135135135135	0	0.0062111801242236	0.00333333333333333
source_cancer_14_endothelial	0.0111111111111111	0	0.00606060606060606	0.00316455696202532
source_cancer_16_endothelial	0.0144927536231884	0	0.0046875	0.00338983050847458
source_cancer_17_endothelial	0.0128205128205128	0	0.00462249614791988	0.00328947368421053
source_cancer_18_endothelial	0.0114942528735632	0	0.00455927051671732	0.00319488817891374
source_cancer_2_endothelial	0.0126582278481013	0	0.0061633281972265	0.00327868852459016
source_cancer_20_endothelial	0.0117647058823529	0	0.00610687022900763	0.00321543408360129
source_cancer_21_endothelial	0.0158730158730159	0	0.00473186119873817	0.00346020761245675
source_cancer_22_endothelial	0.0147058823529412	0	0.00469483568075117	0.00340136054421769
source_cancer_3_endothelial	0.012987012987013	0	0.00462962962962963	0.0033003300330033
source_cancer_4_endothelial	0.0126582278481013	0	0.00461538461538462	0.00327868852459016
source_cancer_5_endothelial	0.0123456790123457	0	0.00614439324116743	0.00325732899022801
source_cancer_6_endothelial	0.0138888888888889	0	0.00623052959501558	0.00335570469798658
source_cancer_7_endothelial	0.0142857142857143	0	0.00625	0.00337837837837838
source_cancer_8_endothelial	0.0161290322580645	0	0.00632911392405063	0.00347222222222222
source_cancer_9_endothelial	0.0128205128205128	0	0.00617283950617284	0.00328947368421053
source_cancer_23_endothelial	0	0	0.00447761194029851	0
source_cancer_15_endothelial	0	0	0.00465116279069767	0
source_cancer_19_endothelial	0	0	0.00316957210776545	0
source_cancer_0_T-cells	0.037037037037037	0.0254237288135593	0.012326656394453	0.0197368421052632
source_cancer_1_T-cells	0.0454545454545455	0.029126213592233	0.0110236220472441	0.0207612456747405
source_cancer_10_T-cells	0.0379746835443038	0.0258620689655172	0.0108024691358025	0.0198675496688742
source_cancer_11_T-cells	0.0375	0.0256410256410256	0.0123456790123457	0.0198019801980198
source_cancer_12_T-cells	0.038961038961039	0.0263157894736842	0.0124031007751938	0.02
source_cancer_13_T-cells	0.0422535211267606	0.0277777777777778	0.0109375	0.0204081632653061
source_cancer_14_T-cells	0.0263157894736842	0.0176991150442478	0.0108695652173913	0.0167224080267559
source_cancer_16_T-cells	0.0441176470588235	0.0285714285714286	0.010989010989011	0.0206185567010309
source_cancer_18_T-cells	0.0298507462686567	0.0192307692307692	0.00626959247648903	0.013745704467354
source_cancer_2_T-cells	0.0273972602739726	0.0181818181818182	0.00934579439252336	0.0168918918918919
source_cancer_20_T-cells	0.0394736842105263	0.0265486725663717	0.0124223602484472	0.020066889632107
source_cancer_21_T-cells	0.046875	0.0297029702970297	0.00946372239747634	0.0209059233449477
source_cancer_3_T-cells	0.0384615384615385	0.0260869565217391	0.0108191653786708	0.0199335548172757
source_cancer_4_T-cells	0.0394736842105263	0.0265486725663717	0.0108527131782946	0.020066889632107
source_cancer_5_T-cells	0.0375	0.0256410256410256	0.0123456790123457	0.0198019801980198
source_cancer_6_T-cells	0.0410958904109589	0.0272727272727273	0.0124804992199688	0.0202702702702703
source_cancer_7_T-cells	0.0394736842105263	0.0265486725663717	0.0124223602484472	0.020066889632107
source_cancer_8_T-cells	0.03125	0.0198019801980198	0.00947867298578199	0.0174216027874564
source_cancer_9_T-cells	0.0394736842105263	0.0265486725663717	0.0108527131782946	0.020066889632107
source_cancer_17_T-cells	0.0133333333333333	0.018018018018018	0.00933125972006221	0.0134228187919463
source_cancer_22_T-cells	0.0163934426229508	0.0206185567010309	0.00474683544303797	0.0140845070422535
source_cancer_23_T-cells	0.0116279069767442	0.0163934426229508	0.0107197549770291	0.0129449838187702
source_cancer_15_T-cells	0.0253164556962025	0.0260869565217391	0.0108191653786708	0.0165562913907285
source_cancer_19_T-cells	0.0181818181818182	0.021978021978022	0.00801282051282051	0.0143884892086331
source_cancer_0_ionocyte	0	0	0.00309119010819165	0
source_cancer_14_ionocyte	0	0	0.00308166409861325	0
source_cancer_23_ionocyte	0	0	0.00307219662058372	0
source_cancer_18_ionocyte	0	0	0.00153609831029186	0
source_cancer_6_ionocyte	0	0	0.00312989045383412	0
source_cancer_11_ionocyte	0	0	0.00312989045383412	0
source_cancer_21_ionocyte	0	0	0.00159235668789809	0
source_cancer_22_ionocyte	0	0	0.00157728706624606	0
source_cancer_3_ionocyte	0	0	0.00156985871271586	0
source_cancer_4_ionocyte	0	0	0.00156494522691706	0
source_cancer_9_ionocyte	0	0	0.00311526479750779	0
source_cancer_10_ionocyte	0	0	0.0015527950310559	0
source_cancer_12_ionocyte	0	0	0.0031104199066874	0
source_cancer_13_ionocyte	0	0	0.00314465408805031	0
source_cancer_15_ionocyte	0	0	0.003125	0
source_cancer_16_ionocyte	0	0	0.00157977883096367	0
source_cancer_17_ionocyte	0	0	0.00157232704402516	0
source_cancer_2_ionocyte	0	0	0.00311526479750779	0
source_cancer_20_ionocyte	0	0	0.00309119010819165	0
source_cancer_5_ionocyte	0	0	0.00310077519379845	0
source_cancer_19_ionocyte	0	0	0.00159489633173844	0
source_cancer_7_ionocyte	0	0	0.00315457413249211	0
source_cancer_1_ionocyte	0	0	0.00160513643659711	0
source_cancer_8_ionocyte	0	0	0.00317965023847377	0
source_cancer_10_melanocytes	0	0	0.00312989045383412	0
source_cancer_18_melanocytes	0	0	0.00313479623824451	0
source_cancer_19_melanocytes	0	0	0.00318471337579618	0
source_cancer_20_melanocytes	0	0	0.00469483568075117	0
source_cancer_5_melanocytes	0	0	0.0046875	0
source_cancer_0_melanocytes	0	0	0.0046875	0
source_cancer_14_melanocytes	0	0	0.00467289719626168	0
source_cancer_23_melanocytes	0	0	0.0046656298600311	0
source_cancer_17_melanocytes	0	0	0.00315955766192733	0
source_cancer_3_melanocytes	0	0	0.00315457413249211	0
source_cancer_4_melanocytes	0	0	0.00313971742543171	0
source_cancer_11_melanocytes	0	0	0.00471698113207547	0
source_cancer_2_melanocytes	0	0	0.00471698113207547	0
source_cancer_9_melanocytes	0	0	0.00470957613814757	0
source_cancer_15_melanocytes	0	0	0.00470957613814757	0
source_cancer_16_melanocytes	0	0	0.00318471337579618	0
source_cancer_13_melanocytes	0	0	0.00475435816164818	0
source_cancer_21_melanocytes	0	0	0.0016025641025641	0
source_cancer_1_melanocytes	0	0	0.00161030595813205	0
source_cancer_12_melanocytes	0	0	0.00471698113207547	0
source_cancer_22_melanocytes	0	0	0.00319488817891374	0
source_cancer_6_melanocytes	0	0	0.00473186119873817	0
source_cancer_7_melanocytes	0	0	0.00476190476190476	0
source_cancer_8_melanocytes	0	0	0.00477707006369427	0
source_cancer_20_basal_cell	0	0	0.00307692307692308	0
source_cancer_0_basal_cell	0	0	0.00309119010819165	0
source_cancer_12_basal_cell	0	0	0.00307692307692308	0
source_cancer_14_basal_cell	0	0	0.00307692307692308	0
source_cancer_15_basal_cell	0	0	0.00310077519379845	0
source_cancer_16_basal_cell	0	0	0.0015748031496063	0
source_cancer_17_basal_cell	0	0	0.0015552099533437	0
source_cancer_18_basal_cell	0	0	0.00154798761609907	0
source_cancer_2_basal_cell	0	0	0.00310077519379845	0
source_cancer_23_basal_cell	0	0	0.00306278713629403	0
source_cancer_3_basal_cell	0	0	0.00156494522691706	0
source_cancer_4_basal_cell	0	0	0.0015600624024961	0
source_cancer_10_basal_cell	0	0	0.00154559505409583	0
source_cancer_13_basal_cell	0	0	0.00313479623824451	0
source_cancer_5_basal_cell	0	0	0.00309597523219814	0
source_cancer_6_basal_cell	0	0	0.00313971742543171	0
source_cancer_7_basal_cell	0	0	0.003125	0
source_cancer_9_basal_cell	0	0	0.0031201248049922	0
source_cancer_1_basal_cell	0	0	0.00160513643659711	0
source_cancer_21_basal_cell	0	0	0.00159744408945687	0
source_cancer_22_basal_cell	0	0	0.00157728706624606	0
source_cancer_11_basal_cell	0	0	0.00313479623824451	0
source_cancer_19_basal_cell	0	0	0.00161030595813205	0
source_cancer_8_basal_cell	0	0	0.00318979266347687	0
source_cancer_17_ciliated_cell	0	0	0.00160771704180064	0
source_cancer_3_ciliated_cell	0	0	0.00160513643659711	0
source_cancer_4_ciliated_cell	0	0	0.00160771704180064	0
source_cancer_5_ciliated_cell	0	0	0.00318471337579618	0
source_cancer_0_ciliated_cell	0	0	0.00318471337579618	0
source_cancer_14_ciliated_cell	0	0	0.00318471337579618	0
source_cancer_23_ciliated_cell	0	0	0.00316957210776545	0
source_cancer_11_ciliated_cell	0	0	0.00315457413249211	0
source_cancer_19_ciliated_cell	0	0	0.00161030595813205	0
source_cancer_13_ciliated_cell	0	0	0.0032	0
source_cancer_15_ciliated_cell	0	0	0.0032	0
source_cancer_16_ciliated_cell	0	0	0.00160771704180064	0
source_cancer_18_ciliated_cell	0	0	0.00158982511923688	0
source_cancer_2_ciliated_cell	0	0	0.00319488817891374	0
source_cancer_20_ciliated_cell	0	0	0.00318979266347687	0
source_cancer_21_ciliated_cell	0	0	0.00161290322580645	0
source_cancer_10_ciliated_cell	0	0	0.00158730158730159	0
source_cancer_12_ciliated_cell	0	0	0.00318979266347687	0
source_cancer_1_ciliated_cell	0	0	0.00161290322580645	0
source_cancer_22_ciliated_cell	0	0	0.00161030595813205	0
source_cancer_6_ciliated_cell	0	0	0.0032	0
source_cancer_7_ciliated_cell	0	0	0.0032	0
source_cancer_8_ciliated_cell	0	0	0.00320512820512821	0
source_cancer_9_ciliated_cell	0	0	0.0032	0
source_cancer_11_hepatocyte	0	0.0102040816326531	0.00315955766192733	0.00348432055749129
source_cancer_19_hepatocyte	0	0	0.00161030595813205	0
source_cancer_2_hepatocyte	0	0.0101010101010101	0.00315457413249211	0.00347222222222222
source_cancer_20_hepatocyte	0	0.0102040816326531	0.00315955766192733	0.00348432055749129
source_cancer_9_hepatocyte	0	0.0102040816326531	0.00315955766192733	0.00348432055749129
source_cancer_12_hepatocyte	0	0.0099009900990099	0.00314465408805031	0.00344827586206897
source_cancer_0_hepatocyte	0	0.0099009900990099	0.00314465408805031	0.00344827586206897
source_cancer_10_hepatocyte	0	0.0101010101010101	0.0015748031496063	0.00347222222222222
source_cancer_14_hepatocyte	0	0.00980392156862745	0.00313971742543171	0.00343642611683849
source_cancer_5_hepatocyte	0	0.01	0.0031496062992126	0.00346020761245675
source_cancer_22_hepatocyte	0	0.0112359550561798	0.0016	0.00359712230215827
source_cancer_15_hepatocyte	0	0.0103092783505155	0.00316455696202532	0.0034965034965035
source_cancer_16_hepatocyte	0	0.0108695652173913	0.00159235668789809	0.00355871886120996
source_cancer_17_hepatocyte	0	0.0111111111111111	0.00159744408945687	0.003584229390681
source_cancer_3_hepatocyte	0	0.010752688172043	0.00158982511923688	0.00354609929078014
source_cancer_4_hepatocyte	0	0.0106382978723404	0.00158730158730159	0.00353356890459364
source_cancer_23_hepatocyte	0	0.0103092783505155	0.00316455696202532	0.0034965034965035
source_cancer_13_hepatocyte	0	0.0106382978723404	0.00317965023847377	0.00353356890459364
source_cancer_18_hepatocyte	0	0.0103092783505155	0.00157977883096367	0.0034965034965035
source_cancer_21_hepatocyte	0	0.0114942528735632	0.00160513643659711	0.0036231884057971
source_cancer_1_hepatocyte	0	0.0114942528735632	0.00160513643659711	0.0036231884057971
source_cancer_6_hepatocyte	0	0.010752688172043	0.00318471337579618	0.00354609929078014
source_cancer_7_hepatocyte	0	0.0108695652173913	0.00318979266347687	0.00355871886120996
source_cancer_8_hepatocyte	0	0.0108695652173913	0.00318979266347687	0.00355871886120996
source_cancer_11_neuro_e_cell	0	0	0.00321543408360129	0
source_cancer_19_neuro_e_cell	0	0	0.00160513643659711	0
source_cancer_0_neuro_e_cell	0	0	0.00321543408360129	0
source_cancer_10_neuro_e_cell	0	0	0.0032258064516129	0
source_cancer_12_neuro_e_cell	0	0	0.00322061191626409	0
source_cancer_13_neuro_e_cell	0	0	0.0032258064516129	0
source_cancer_14_neuro_e_cell	0	0	0.00321543408360129	0
source_cancer_15_neuro_e_cell	0	0	0.00323101777059774	0
source_cancer_16_neuro_e_cell	0	0	0.0032258064516129	0
source_cancer_17_neuro_e_cell	0	0	0.00321543408360129	0
source_cancer_18_neuro_e_cell	0	0	0.00321543408360129	0
source_cancer_2_neuro_e_cell	0	0	0.00321543408360129	0
source_cancer_20_neuro_e_cell	0	0	0.00322061191626409	0
source_cancer_21_neuro_e_cell	0	0	0	0
source_cancer_22_neuro_e_cell	0	0	0.00161550888529887	0
source_cancer_23_neuro_e_cell	0	0	0.00321543408360129	0
source_cancer_3_neuro_e_cell	0	0	0.0032258064516129	0
source_cancer_4_neuro_e_cell	0	0	0.0032258064516129	0
source_cancer_5_neuro_e_cell	0	0	0.00322061191626409	0
source_cancer_6_neuro_e_cell	0	0	0.00322061191626409	0
source_cancer_7_neuro_e_cell	0	0	0.00323101777059774	0
source_cancer_9_neuro_e_cell	0	0	0.00321543408360129	0
source_cancer_1_neuro_e_cell	0	0	0	0
source_cancer_8_neuro_e_cell	0	0	0	0
source_cancer_11_Neutrophils	0	0.010752688172043	0.00158982511923688	0.00354609929078014
source_cancer_19_Neutrophils	0	0	0	0
source_cancer_10_Neutrophils	0	0.0106382978723404	0	0.00353356890459364
source_cancer_12_Neutrophils	0	0.0099009900990099	0.00156985871271586	0.00344827586206897
source_cancer_14_Neutrophils	0	0.00970873786407767	0.00156494522691706	0.00342465753424658
source_cancer_15_Neutrophils	0	0.0105263157894737	0	0.00352112676056338
source_cancer_16_Neutrophils	0	0.0112359550561798	0	0.00359712230215827
source_cancer_17_Neutrophils	0	0.0108695652173913	0	0.00355871886120996
source_cancer_2_Neutrophils	0	0.0101010101010101	0.0015748031496063	0.00347222222222222
source_cancer_20_Neutrophils	0	0.0106382978723404	0	0.00353356890459364
source_cancer_21_Neutrophils	0	0.0113636363636364	0	0.0036101083032491
source_cancer_22_Neutrophils	0	0.0116279069767442	0	0.00363636363636364
source_cancer_3_Neutrophils	0	0.0108695652173913	0	0.00355871886120996
source_cancer_4_Neutrophils	0	0.010752688172043	0	0.00354609929078014
source_cancer_5_Neutrophils	0	0.0103092783505155	0.00157977883096367	0.0034965034965035
source_cancer_7_Neutrophils	0	0.010752688172043	0.00158982511923688	0.00354609929078014
source_cancer_9_Neutrophils	0	0.010752688172043	0.00158982511923688	0.00354609929078014
source_cancer_0_Neutrophils	0	0.0101010101010101	0.0015748031496063	0.00347222222222222
source_cancer_13_Neutrophils	0	0.010752688172043	0.00158982511923688	0.00354609929078014
source_cancer_18_Neutrophils	0	0.0112359550561798	0	0.00359712230215827
source_cancer_23_Neutrophils	0	0.0101010101010101	0	0.00347222222222222
source_cancer_6_Neutrophils	0	0.010989010989011	0.00159489633173844	0.00357142857142857
source_cancer_8_Neutrophils	0	0.0113636363636364	0.0016025641025641	0.0036101083032491
source_cancer_1_Neutrophils	0	0.0117647058823529	0	0.00364963503649635
source_cancer_2_B-cells-PB	0	0	0.0047244094488189	0.00344827586206897
source_cancer_20_B-cells-PB	0	0	0.00625	0.00337837837837838
source_cancer_9_B-cells-PB	0	0	0.004739336492891	0.00347222222222222
source_cancer_22_B-cells-PB	0	0	0.00318979266347687	0.00355871886120996
source_cancer_0_B-cells-PB	0	0	0.00628930817610063	0.00342465753424658
source_cancer_10_B-cells-PB	0	0	0.00470957613814757	0.00342465753424658
source_cancer_14_B-cells-PB	0	0	0.0062402496099844	0.00336700336700337
source_cancer_5_B-cells-PB	0	0	0.00627943485086342	0.00341296928327645
source_cancer_1_B-cells-PB	0	0	0.00482315112540193	0.0036101083032491
source_cancer_11_B-cells-PB	0	0	0.00631911532385466	0.00346020761245675
source_cancer_12_B-cells-PB	0	0	0.00627943485086342	0.00341296928327645
source_cancer_15_B-cells-PB	0	0	0.00628930817610063	0.00342465753424658
source_cancer_18_B-cells-PB	0	0	0.00156985871271586	0
source_cancer_23_B-cells-PB	0	0	0.00623052959501558	0.00335570469798658
source_cancer_6_B-cells-PB	0	0	0.00632911392405063	0.00347222222222222
source_cancer_7_B-cells-PB	0	0	0.0063391442155309	0.00348432055749129
source_cancer_3_B-cells-PB	0	0	0.00476947535771065	0.00352112676056338
source_cancer_4_B-cells-PB	0	0	0.00476190476190476	0.00350877192982456
source_cancer_16_B-cells-PB	0	0	0.00478468899521531	0.00354609929078014
source_cancer_17_B-cells-PB	0	0	0.00475435816164818	0.0034965034965035
source_cancer_13_B-cells-PB	0	0	0.00634920634920635	0.0034965034965035
source_cancer_21_B-cells-PB	0	0	0.00480769230769231	0.003584229390681
source_cancer_8_B-cells-PB	0	0	0.00478468899521531	0.00354609929078014
source_cancer_19_B-cells-PB	0	0	0.00482315112540193	0.0036101083032491
source_cancer_2_Mast-cells	0	0	0.00315955766192733	0
source_cancer_20_Mast-cells	0	0	0.00317460317460317	0
source_cancer_9_Mast-cells	0	0	0.00316455696202532	0
source_cancer_0_Mast-cells	0	0	0.00315457413249211	0
source_cancer_10_Mast-cells	0	0	0.00158982511923688	0
source_cancer_14_Mast-cells	0	0	0.00313971742543171	0
source_cancer_5_Mast-cells	0	0	0.0031496062992126	0
source_cancer_11_Mast-cells	0	0	0.00316957210776545	0
source_cancer_22_Mast-cells	0	0	0	0
source_cancer_18_Mast-cells	0	0	0.00158478605388273	0
source_cancer_15_Mast-cells	0	0	0.00317965023847377	0
source_cancer_16_Mast-cells	0	0	0.00159744408945687	0
source_cancer_17_Mast-cells	0	0	0.00159489633173844	0
source_cancer_23_Mast-cells	0	0	0.00314465408805031	0
source_cancer_3_Mast-cells	0	0	0.00158982511923688	0
source_cancer_4_Mast-cells	0	0	0.00158478605388273	0
source_cancer_7_Mast-cells	0	0	0.00317965023847377	0
source_cancer_1_Mast-cells	0	0	0.00160771704180064	0
source_cancer_12_Mast-cells	0	0	0.00315955766192733	0
source_cancer_13_Mast-cells	0	0	0.00317460317460317	0
source_cancer_19_Mast-cells	0	0	0.00161030595813205	0
source_cancer_21_Mast-cells	0	0	0.0016025641025641	0
source_cancer_6_Mast-cells	0	0	0.00317965023847377	0
source_cancer_8_Mast-cells	0	0	0.00159744408945687	0
source_cancer_0_stroma	0	0	0.00315457413249211	0
source_cancer_10_stroma	0	0	0.00158478605388273	0
source_cancer_14_stroma	0	0	0.0031496062992126	0
source_cancer_20_stroma	0	0	0.00315955766192733	0
source_cancer_5_stroma	0	0	0.00315955766192733	0
source_cancer_11_stroma	0	0	0.00317460317460317	0
source_cancer_22_stroma	0	0	0.0016	0
source_cancer_15_stroma	0	0	0.00316455696202532	0
source_cancer_16_stroma	0	0	0.00158982511923688	0
source_cancer_17_stroma	0	0	0.00158478605388273	0
source_cancer_23_stroma	0	0	0.00313479623824451	0
source_cancer_3_stroma	0	0	0.00158982511923688	0
source_cancer_4_stroma	0	0	0.00158982511923688	0
source_cancer_12_stroma	0	0	0.00315955766192733	0
source_cancer_13_stroma	0	0	0.00317460317460317	0
source_cancer_18_stroma	0	0	0.00157977883096367	0
source_cancer_1_stroma	0	0	0.00160771704180064	0
source_cancer_19_stroma	0	0	0.00161290322580645	0
source_cancer_2_stroma	0	0	0.00316455696202532	0
source_cancer_21_stroma	0	0	0.00161030595813205	0
source_cancer_6_stroma	0	0	0.00318471337579618	0
source_cancer_7_stroma	0	0	0.00316957210776545	0
source_cancer_8_stroma	0	0	0.00319488817891374	0
source_cancer_9_stroma	0	0	0.00317460317460317	0
