clone_1	clone_2	clone_3	clone_4
target_cancer_0_cancer	0.0323325635103926	0.0187265917602996	0.00606060606060606	0.0099009900990099
target_cancer_12_cancer	0.0303738317757009	0.0191570881226054	0.00628930817610063	0.0105263157894737
target_cancer_14_cancer	0.0342465753424658	0.0220588235294118	0.00584795321637427	0.00934579439252336
target_cancer_18_cancer	0.0318181818181818	0.021978021978022	0.00581395348837209	0.00925925925925926
target_cancer_23_cancer	0.0295983086680761	0.0162866449511401	0.0048780487804878	0.00709219858156028
target_cancer_9_cancer	0.0285714285714286	0.0198412698412698	0.00666666666666667	0.0116279069767442
target_cancer_10_cancer	0.0298165137614679	0.0185873605947955	0.00598802395209581	0.00970873786407767
target_cancer_11_cancer	0.033096926713948	0.0234375	0.00645161290322581	0.010989010989011
target_cancer_15_cancer	0.0308056872037915	0.0196078431372549	0.0065359477124183	0.0112359550561798
target_cancer_2_cancer	0.0302325581395349	0.0229007633587786	0.0062111801242236	0.0103092783505155
target_cancer_20_cancer	0.0330396475770925	0.0208333333333333	0.0053475935828877	0.00813008130081301
target_cancer_5_cancer	0.0301624129930394	0.0189393939393939	0.00617283950617284	0.0102040816326531
target_cancer_1_cancer	0.0222222222222222	0.0170212765957447	0.00757575757575758	0.0147058823529412
target_cancer_17_cancer	0.0305164319248826	0.0153846153846154	0	0.010752688172043
target_cancer_13_cancer	0.0352112676056338	0.0230769230769231	0.00628930817610063	0.0105263157894737
target_cancer_6_cancer	0.0291970802919708	0.0205761316872428	0.00709219858156028	0.012987012987013
target_cancer_22_cancer	0.0294117647058824	0.016597510373444	0	0.0135135135135135
target_cancer_21_cancer	0.0196078431372549	0.0168776371308017	0.00746268656716418	0.0142857142857143
target_cancer_4_cancer	0.0287081339712919	0.0119047619047619	0	0.0119047619047619
target_cancer_3_cancer	0.0265700483091787	0.0121457489878543	0	0.0126582278481013
target_cancer_7_cancer	0.0314769975786925	0.0244897959183673	0.00694444444444444	0.0125
target_cancer_19_cancer	0.015625	0.00938967136150235	0	0
target_cancer_16_cancer	0.0324189526184539	0.0213675213675214	0	0.0147058823529412
target_cancer_8_cancer	0.0281329923273657	0.0225225225225225	0	0.0178571428571429
target_cancer_0_B-cells-M	0.00529100529100529	0	0	0.0294117647058824
target_cancer_12_B-cells-M	0.00536193029490617	0	0	0.0344827586206897
target_cancer_14_B-cells-M	0.00789473684210526	0.00483091787439614	0	0.027027027027027
target_cancer_18_B-cells-M	0.008	0.00495049504950495	0	0.03125
target_cancer_23_B-cells-M	0.00529100529100529	0	0	0.0294117647058824
target_cancer_9_B-cells-M	0.00804289544235925	0.005	0	0.0333333333333333
target_cancer_10_B-cells-M	0.00802139037433155	0.00497512437810945	0	0.032258064516129
target_cancer_11_B-cells-M	0.00806451612903226	0.0050251256281407	0	0.0344827586206897
target_cancer_15_B-cells-M	0.00806451612903226	0.0050251256281407	0	0.0344827586206897
target_cancer_2_B-cells-M	0.00802139037433155	0.00497512437810945	0	0.032258064516129
target_cancer_20_B-cells-M	0.00530503978779841	0	0	0.0303030303030303
target_cancer_5_B-cells-M	0.00806451612903226	0.0050251256281407	0	0.0344827586206897
target_cancer_13_B-cells-M	0.00540540540540541	0	0	0.0384615384615385
target_cancer_16_B-cells-M	0.00543478260869565	0	0	0.0416666666666667
target_cancer_17_B-cells-M	0.0027027027027027	0	0	0.04
target_cancer_3_B-cells-M	0.002710027100271	0	0	0.0416666666666667
target_cancer_4_B-cells-M	0.00271739130434783	0	0	0.0434782608695652
target_cancer_6_B-cells-M	0.00813008130081301	0.00510204081632653	0	0.0384615384615385
target_cancer_7_B-cells-M	0.00540540540540541	0	0	0.0384615384615385
target_cancer_8_B-cells-M	0.00543478260869565	0	0	0.0416666666666667
target_cancer_1_B-cells-M	0.00268817204301075	0	0	0
target_cancer_21_B-cells-M	0.00269541778975741	0	0	0
target_cancer_22_B-cells-M	0	0	0	0
target_cancer_0_B-cells-PB	0.0126582278481013	0.00446428571428571	0	0.0185185185185185
target_cancer_12_B-cells-PB	0.0127551020408163	0.00452488687782805	0	0.0196078431372549
target_cancer_14_B-cells-PB	0.0125628140703518	0.00440528634361234	0	0.0175438596491228
target_cancer_18_B-cells-PB	0.010126582278481	0.00448430493273543	0	0.0188679245283019
target_cancer_23_B-cells-PB	0.0125	0.00436681222707424	0	0.0169491525423729
target_cancer_9_B-cells-PB	0.0103359173126615	0.00465116279069767	0	0.0222222222222222
target_cancer_10_B-cells-PB	0.0128205128205128	0.0045662100456621	0	0.0204081632653061
target_cancer_11_B-cells-PB	0.0129198966408269	0.00462962962962963	0	0.0217391304347826
target_cancer_15_B-cells-PB	0.012853470437018	0.00458715596330275	0	0.0208333333333333
target_cancer_2_B-cells-PB	0.010230179028133	0.0045662100456621	0	0.0204081632653061
target_cancer_20_B-cells-PB	0.0124378109452736	0.00432900432900433	0	0.0163934426229508
target_cancer_5_B-cells-PB	0.0128205128205128	0.0045662100456621	0	0.0204081632653061
target_cancer_22_B-cells-PB	0.00789473684210526	0.00483091787439614	0	0
target_cancer_4_B-cells-PB	0.0129533678756477	0.00465116279069767	0	0.0222222222222222
target_cancer_6_B-cells-PB	0.0104712041884817	0.00476190476190476	0	0.025
target_cancer_1_B-cells-PB	0.005249343832021	0.00483091787439614	0	0
target_cancer_17_B-cells-PB	0.012853470437018	0.00458715596330275	0	0.0208333333333333
target_cancer_13_B-cells-PB	0.0129198966408269	0.00462962962962963	0	0.0217391304347826
target_cancer_3_B-cells-PB	0.0130208333333333	0.00469483568075117	0	0.0232558139534884
target_cancer_7_B-cells-PB	0.0104712041884817	0.00476190476190476	0	0.025
target_cancer_16_B-cells-PB	0.0132978723404255	0.0048780487804878	0	0.0285714285714286
target_cancer_8_B-cells-PB	0.0106951871657754	0.00495049504950495	0	0.03125
target_cancer_19_B-cells-PB	0.002710027100271	0	0	0
target_cancer_21_B-cells-PB	0.0026525198938992	0	0	0
target_cancer_0_Dendritic	0.0126903553299492	0.00448430493273543	0	0.0188679245283019
target_cancer_12_Dendritic	0.0129198966408269	0.00462962962962963	0	0.0217391304347826
target_cancer_14_Dendritic	0.0126262626262626	0.00444444444444444	0	0.0181818181818182
target_cancer_18_Dendritic	0.0126582278481013	0.00446428571428571	0	0.0185185185185185
target_cancer_23_Dendritic	0.0122850122850123	0.00423728813559322	0	0.0151515151515152
target_cancer_9_Dendritic	0.012987012987013	0.00467289719626168	0	0.0227272727272727
target_cancer_10_Dendritic	0.0127226463104326	0.0045045045045045	0	0.0192307692307692
target_cancer_11_Dendritic	0.0131233595800525	0.00476190476190476	0	0.025
target_cancer_15_Dendritic	0.0129533678756477	0.00465116279069767	0	0.0222222222222222
target_cancer_2_Dendritic	0.012853470437018	0.00458715596330275	0	0.0208333333333333
target_cancer_20_Dendritic	0.012531328320802	0.0043859649122807	0	0.0172413793103448
target_cancer_5_Dendritic	0.0128205128205128	0.0045662100456621	0	0.0204081632653061
target_cancer_13_Dendritic	0.0102564102564103	0.00458715596330275	0	0.0208333333333333
target_cancer_16_Dendritic	0.0134048257372654	0.00495049504950495	0	0.03125
target_cancer_17_Dendritic	0.0104712041884817	0	0	0.025
target_cancer_3_Dendritic	0.0131233595800525	0.00476190476190476	0	0.025
target_cancer_4_Dendritic	0.010498687664042	0	0	0.0256410256410256
target_cancer_6_Dendritic	0.0132275132275132	0.00483091787439614	0	0.027027027027027
target_cancer_7_Dendritic	0.010498687664042	0.00478468899521531	0	0.0256410256410256
target_cancer_8_Dendritic	0.0107238605898123	0.00497512437810945	0	0.032258064516129
target_cancer_21_Dendritic	0.00779220779220779	0.00471698113207547	0	0.0238095238095238
target_cancer_1_Dendritic	0.00536193029490617	0	0	0
target_cancer_22_Dendritic	0.0108108108108108	0.00505050505050505	0	0
target_cancer_19_Dendritic	0.00543478260869565	0	0	0
target_cancer_0_Mast-cells	0.00519480519480519	0	0	0.024390243902439
target_cancer_12_Mast-cells	0.00529100529100529	0	0	0.0294117647058824
target_cancer_14_Mast-cells	0.00519480519480519	0	0	0.024390243902439
target_cancer_18_Mast-cells	0.00518134715025907	0	0	0.0238095238095238
target_cancer_23_Mast-cells	0.0051150895140665	0	0	0.0212765957446809
target_cancer_9_Mast-cells	0.00789473684210526	0	0	0.027027027027027
target_cancer_10_Mast-cells	0.005249343832021	0	0	0.027027027027027
target_cancer_11_Mast-cells	0.00797872340425532	0	0	0.0303030303030303
target_cancer_15_Mast-cells	0.00530503978779841	0	0	0.0303030303030303
target_cancer_2_Mast-cells	0.00523560209424084	0	0	0.0263157894736842
target_cancer_20_Mast-cells	0.00515463917525773	0	0	0.0227272727272727
target_cancer_5_Mast-cells	0.00793650793650794	0	0	0.0285714285714286
target_cancer_13_Mast-cells	0.005249343832021	0	0	0.027027027027027
target_cancer_16_Mast-cells	0.00539083557951483	0	0	0.037037037037037
target_cancer_17_Mast-cells	0.00530503978779841	0	0	0.0303030303030303
target_cancer_3_Mast-cells	0.008	0	0	0.03125
target_cancer_4_Mast-cells	0.00797872340425532	0	0	0.0303030303030303
target_cancer_6_Mast-cells	0.0053475935828877	0	0	0.0333333333333333
target_cancer_7_Mast-cells	0.00531914893617021	0	0	0.03125
target_cancer_8_Mast-cells	0.00540540540540541	0	0	0.0384615384615385
target_cancer_1_Mast-cells	0.00268817204301075	0	0	0
target_cancer_19_Mast-cells	0	0	0	0
target_cancer_21_Mast-cells	0.00265957446808511	0	0	0
target_cancer_22_Mast-cells	0.00273224043715847	0	0	0
target_cancer_0_MF-Monocytes	0.0200501253132832	0.0131004366812227	0	0.0163934426229508
target_cancer_12_MF-Monocytes	0.0203045685279188	0.0133928571428571	0	0.0178571428571429
target_cancer_14_MF-Monocytes	0.0199501246882793	0.012987012987013	0	0.0158730158730159
target_cancer_18_MF-Monocytes	0.0202020202020202	0.0132743362831858	0	0.0172413793103448
target_cancer_23_MF-Monocytes	0.0193236714975845	0.0122950819672131	0	0.0131578947368421
target_cancer_9_MF-Monocytes	0.020671834625323	0.0138248847926267	0	0.0204081632653061
target_cancer_10_MF-Monocytes	0.0202020202020202	0.0132743362831858	0	0.0172413793103448
target_cancer_11_MF-Monocytes	0.0206185567010309	0.0137614678899083	0	0.02
target_cancer_15_MF-Monocytes	0.0204081632653061	0.0135135135135135	0	0.0185185185185185
target_cancer_2_MF-Monocytes	0.0201511335012594	0.013215859030837	0	0.0169491525423729
target_cancer_20_MF-Monocytes	0.0197044334975369	0.0127118644067797	0	0.0147058823529412
target_cancer_5_MF-Monocytes	0.0203045685279188	0.0133928571428571	0	0.0178571428571429
target_cancer_13_MF-Monocytes	0.020253164556962	0.0133333333333333	0	0.0175438596491228
target_cancer_16_MF-Monocytes	0.0210526315789474	0.0142857142857143	0	0.0238095238095238
target_cancer_17_MF-Monocytes	0.0181347150259067	0.00925925925925926	0	0.0212765957446809
target_cancer_3_MF-Monocytes	0.020671834625323	0.0138248847926267	0	0.0204081632653061
target_cancer_4_MF-Monocytes	0.0180412371134021	0.00917431192660551	0	0.0204081632653061
target_cancer_6_MF-Monocytes	0.0209424083769634	0.0141509433962264	0	0.0227272727272727
target_cancer_7_MF-Monocytes	0.020671834625323	0.0138248847926267	0	0.0204081632653061
target_cancer_8_MF-Monocytes	0.0158730158730159	0.00966183574879227	0	0.0263157894736842
target_cancer_21_MF-Monocytes	0.0077120822622108	0.00462962962962963	0	0.0217391304347826
target_cancer_1_MF-Monocytes	0.0131926121372032	0.00966183574879227	0	0
target_cancer_22_MF-Monocytes	0.0187667560321716	0.0148514851485149	0	0
target_cancer_19_MF-Monocytes	0.00544959128065395	0	0	0
target_cancer_0_pDCs	0.00779220779220779	0	0	0.0238095238095238
target_cancer_12_pDCs	0.00793650793650794	0	0	0.0285714285714286
target_cancer_14_pDCs	0.0077720207253886	0	0	0.0232558139534884
target_cancer_18_pDCs	0.0078125	0	0	0.024390243902439
target_cancer_23_pDCs	0.0076530612244898	0	0	0.0204081632653061
target_cancer_9_pDCs	0.0105820105820106	0.00485436893203883	0	0.0277777777777778
target_cancer_10_pDCs	0.010498687664042	0.00478468899521531	0	0.0256410256410256
target_cancer_11_pDCs	0.0106382978723404	0.00490196078431373	0	0.0294117647058824
target_cancer_15_pDCs	0.00795755968169761	0	0	0.0294117647058824
target_cancer_2_pDCs	0.0078740157480315	0	0	0.0263157894736842
target_cancer_20_pDCs	0.00775193798449612	0	0	0.0227272727272727
target_cancer_5_pDCs	0.010498687664042	0.00478468899521531	0	0.0256410256410256
target_cancer_13_pDCs	0.00529100529100529	0	0	0.0294117647058824
target_cancer_16_pDCs	0.00810810810810811	0	0	0.037037037037037
target_cancer_17_pDCs	0.00530503978779841	0	0	0.0303030303030303
target_cancer_3_pDCs	0.00802139037433155	0	0	0.032258064516129
target_cancer_4_pDCs	0.008	0	0	0.03125
target_cancer_6_pDCs	0.0106951871657754	0.00495049504950495	0	0.03125
target_cancer_7_pDCs	0.00531914893617021	0	0	0.03125
target_cancer_8_pDCs	0.00810810810810811	0	0	0.037037037037037
target_cancer_21_pDCs	0.0026246719160105	0	0	0
target_cancer_1_pDCs	0.00268096514745308	0	0	0
target_cancer_19_pDCs	0.00272479564032698	0	0	0
target_cancer_22_pDCs	0.00272479564032698	0	0	0
target_cancer_0_T-cells	0.00783289817232376	0.00956937799043062	0.00961538461538462	0
target_cancer_12_T-cells	0.00795755968169761	0.00985221674876847	0.0102040816326531	0
target_cancer_14_T-cells	0.0103896103896104	0.014218009478673	0.00934579439252336	0
target_cancer_18_T-cells	0.0106100795755968	0.0147783251231527	0.0101010101010101	0
target_cancer_23_T-cells	0.0077319587628866	0.00934579439252336	0.00917431192660551	0
target_cancer_9_T-cells	0.008	0.00995024875621891	0.0104166666666667	0
target_cancer_10_T-cells	0.00797872340425532	0.0099009900990099	0.0103092783505155	0
target_cancer_11_T-cells	0.0106951871657754	0.015	0.0104166666666667	0
target_cancer_15_T-cells	0.00802139037433155	0.01	0.0105263157894737	0
target_cancer_2_T-cells	0.0106100795755968	0.0147783251231527	0.0101010101010101	0
target_cancer_20_T-cells	0.0105263157894737	0.0145631067961165	0.00980392156862745	0
target_cancer_5_T-cells	0.008	0.00995024875621891	0.0104166666666667	0
target_cancer_13_T-cells	0.0106951871657754	0.015	0.0104166666666667	0
target_cancer_1_T-cells	0.00536193029490617	0.0050251256281407	0.010752688172043	0
target_cancer_21_T-cells	0.00795755968169761	0.00985221674876847	0.0102040816326531	0
target_cancer_16_T-cells	0.00810810810810811	0.0102040816326531	0.010989010989011	0
target_cancer_17_T-cells	0.00537634408602151	0.0101522842639594	0.0108695652173913	0
target_cancer_22_T-cells	0.00271739130434783	0.00518134715025907	0.0114942528735632	0
target_cancer_3_T-cells	0.00537634408602151	0.00505050505050505	0.0108695652173913	0
target_cancer_4_T-cells	0.00268817204301075	0	0	0
target_cancer_6_T-cells	0.00810810810810811	0.0102040816326531	0.010989010989011	0
target_cancer_7_T-cells	0.010752688172043	0.0151515151515152	0.0106382978723404	0
target_cancer_8_T-cells	0.0108991825613079	0.0155440414507772	0.0112359550561798	0
target_cancer_19_T-cells	0.00273972602739726	0.00526315789473684	0.0119047619047619	0
target_cancer_0_fibroblast	0.0148148148148148	0.00854700854700855	0	0.0153846153846154
target_cancer_12_fibroblast	0.0149625935162095	0.00869565217391304	0	0.0163934426229508
target_cancer_14_fibroblast	0.0147783251231527	0.00851063829787234	0	0.0151515151515152
target_cancer_18_fibroblast	0.0123762376237624	0.00862068965517241	0	0.0158730158730159
target_cancer_23_fibroblast	0.0143884892086331	0.00813008130081301	0	0.012987012987013
target_cancer_9_fibroblast	0.0127877237851662	0.0091324200913242	0	0.02
target_cancer_10_fibroblast	0.0148883374689826	0.00862068965517241	0	0.0158730158730159
target_cancer_11_fibroblast	0.0151133501259446	0.00884955752212389	0	0.0175438596491228
target_cancer_15_fibroblast	0.0150753768844221	0.00881057268722467	0	0.0172413793103448
target_cancer_2_fibroblast	0.0123456790123457	0.00858369098712446	0	0.015625
target_cancer_20_fibroblast	0.0144230769230769	0.00816326530612245	0	0.0131578947368421
target_cancer_5_fibroblast	0.0148883374689826	0.00862068965517241	0	0.0158730158730159
target_cancer_1_fibroblast	0.0077720207253886	0.00943396226415094	0	0
target_cancer_17_fibroblast	0.0150753768844221	0.00881057268722467	0	0.0172413793103448
target_cancer_13_fibroblast	0.0149625935162095	0.00869565217391304	0	0.0163934426229508
target_cancer_22_fibroblast	0.0130208333333333	0.00943396226415094	0	0
target_cancer_16_fibroblast	0.0155038759689922	0.00925925925925926	0	0.0212765957446809
target_cancer_3_fibroblast	0.0152284263959391	0.00896860986547085	0	0.0185185185185185
target_cancer_4_fibroblast	0.0151898734177215	0.00892857142857143	0	0.0181818181818182
target_cancer_6_fibroblast	0.0128865979381443	0.00925925925925926	0	0.0212765957446809
target_cancer_7_fibroblast	0.0126582278481013	0.00896860986547085	0	0.0185185185185185
target_cancer_8_fibroblast	0.0105540897097625	0.00970873786407767	0	0.027027027027027
target_cancer_21_fibroblast	0.00515463917525773	0.00467289719626168	0	0.0227272727272727
target_cancer_19_fibroblast	0.008	0.00495049504950495	0	0
target_cancer_0_alveolar_type_2	0.0199501246882793	0.012987012987013	0	0.0158730158730159
target_cancer_12_alveolar_type_2	0.0177215189873418	0.0133928571428571	0	0.0178571428571429
target_cancer_14_alveolar_type_2	0.0199004975124378	0.0129310344827586	0	0.015625
target_cancer_15_alveolar_type_2	0.020253164556962	0.0133333333333333	0	0.0175438596491228
target_cancer_23_alveolar_type_2	0.0195121951219512	0.0125	0	0.0138888888888889
target_cancer_20_alveolar_type_2	0.0171149144254279	0.00836820083682008	0	0.0142857142857143
target_cancer_1_alveolar_type_2	0.0104712041884817	0.0144230769230769	0	0
target_cancer_2_alveolar_type_2	0.017632241813602	0.0132743362831858	0	0.0172413793103448
target_cancer_17_alveolar_type_2	0.0175879396984925	0.013215859030837	0	0.0169491525423729
target_cancer_13_alveolar_type_2	0.0202020202020202	0.0132743362831858	0	0.0172413793103448
target_cancer_10_alveolar_type_2	0.0175	0.0131004366812227	0	0.0163934426229508
target_cancer_11_alveolar_type_2	0.0179948586118252	0.0137614678899083	0	0.02
target_cancer_18_alveolar_type_2	0.0175	0.0131004366812227	0	0.0163934426229508
target_cancer_5_alveolar_type_2	0.0173697270471464	0.0129310344827586	0	0.015625
target_cancer_6_alveolar_type_2	0.0153846153846154	0.0137614678899083	0	0.02
target_cancer_9_alveolar_type_2	0.0154241645244216	0.0138248847926267	0	0.0204081632653061
target_cancer_16_alveolar_type_2	0.0207253886010363	0.0138888888888889	0	0.0208333333333333
target_cancer_3_alveolar_type_2	0.0203562340966921	0.0134529147982063	0	0.0181818181818182
target_cancer_4_alveolar_type_2	0.0203562340966921	0.0134529147982063	0	0.0181818181818182
target_cancer_7_alveolar_type_2	0.0179487179487179	0.0136986301369863	0	0.0196078431372549
target_cancer_8_alveolar_type_2	0.013262599469496	0.00975609756097561	0	0.0277777777777778
target_cancer_21_alveolar_type_2	0.00522193211488251	0.00478468899521531	0	0.0256410256410256
target_cancer_22_alveolar_type_2	0.0182767624020888	0.0141509433962264	0	0
target_cancer_19_alveolar_type_2	0.00810810810810811	0.0050761421319797	0	0
target_cancer_0_basal_cell	0.015	0.0131578947368421	0	0.0166666666666667
target_cancer_12_basal_cell	0.015	0.0131578947368421	0	0.0166666666666667
target_cancer_14_basal_cell	0.0148514851485149	0.0129310344827586	0	0.015625
target_cancer_15_basal_cell	0.0150753768844221	0.0132743362831858	0	0.0172413793103448
target_cancer_23_basal_cell	0.0145631067961165	0.0125	0	0.0138888888888889
target_cancer_20_basal_cell	0.0145631067961165	0.0125	0	0.0138888888888889
target_cancer_1_basal_cell	0.0103092783505155	0.014018691588785	0	0.0217391304347826
target_cancer_2_basal_cell	0.0124378109452736	0.0131004366812227	0	0.0163934426229508
target_cancer_17_basal_cell	0.0150375939849624	0.013215859030837	0	0.0169491525423729
target_cancer_13_basal_cell	0.0150753768844221	0.0132743362831858	0	0.0172413793103448
target_cancer_10_basal_cell	0.015	0.0131578947368421	0	0.0166666666666667
target_cancer_11_basal_cell	0.0152284263959391	0.0135135135135135	0	0.0185185185185185
target_cancer_18_basal_cell	0.0123152709359606	0.0128755364806867	0	0.0153846153846154
target_cancer_5_basal_cell	0.015	0.0131578947368421	0	0.0166666666666667
target_cancer_9_basal_cell	0.0127877237851662	0.0137614678899083	0	0.02
target_cancer_22_basal_cell	0.0153846153846154	0.0137614678899083	0	0.02
target_cancer_4_basal_cell	0.0152671755725191	0.0135746606334842	0	0.0188679245283019
target_cancer_6_basal_cell	0.0129198966408269	0.014018691588785	0	0.0217391304347826
target_cancer_3_basal_cell	0.0153846153846154	0.0137614678899083	0	0.02
target_cancer_7_basal_cell	0.0127877237851662	0.0137614678899083	0	0.02
target_cancer_19_basal_cell	0.00808625336927224	0.0101522842639594	0	0
target_cancer_21_basal_cell	0.00516795865633075	0.00943396226415094	0	0.0232558139534884
target_cancer_16_basal_cell	0.015625	0.0141509433962264	0	0.0227272727272727
target_cancer_8_basal_cell	0.013262599469496	0.0147058823529412	0	0.0277777777777778
target_cancer_0_ciliated_cell	0.0132275132275132	0.0146341463414634	0	0
target_cancer_10_ciliated_cell	0.0131233595800525	0.0144230769230769	0	0
target_cancer_11_ciliated_cell	0.013262599469496	0.0147058823529412	0	0
target_cancer_13_ciliated_cell	0.0105820105820106	0.0147058823529412	0	0
target_cancer_14_ciliated_cell	0.0130890052356021	0.0143540669856459	0	0
target_cancer_15_ciliated_cell	0.0132275132275132	0.0146341463414634	0	0
target_cancer_18_ciliated_cell	0.0106951871657754	0.015	0	0
target_cancer_2_ciliated_cell	0.010498687664042	0.0144927536231884	0	0
target_cancer_20_ciliated_cell	0.0130208333333333	0.014218009478673	0	0
target_cancer_23_ciliated_cell	0.0130208333333333	0.014218009478673	0	0
target_cancer_5_ciliated_cell	0.0131233595800525	0.0144230769230769	0	0
target_cancer_6_ciliated_cell	0.0107238605898123	0.0150753768844221	0	0
target_cancer_9_ciliated_cell	0.0107238605898123	0.0150753768844221	0	0
target_cancer_1_ciliated_cell	0.00797872340425532	0.0149253731343284	0	0
target_cancer_22_ciliated_cell	0.0133333333333333	0.0148514851485149	0	0
target_cancer_12_ciliated_cell	0.0132978723404255	0.0147783251231527	0	0
target_cancer_16_ciliated_cell	0.0133333333333333	0.0148514851485149	0	0
target_cancer_17_ciliated_cell	0.013262599469496	0.0147058823529412	0	0
target_cancer_3_ciliated_cell	0.0132978723404255	0.0147783251231527	0	0
target_cancer_4_ciliated_cell	0.0132978723404255	0.0147783251231527	0	0
target_cancer_7_ciliated_cell	0.00797872340425532	0.0149253731343284	0	0
target_cancer_21_ciliated_cell	0.0053475935828877	0.0100502512562814	0	0
target_cancer_8_ciliated_cell	0.0107816711590297	0.0152284263959391	0	0
target_cancer_19_ciliated_cell	0.00819672131147541	0.0104166666666667	0	0
target_cancer_0_club cell	0.0199004975124378	0.0129310344827586	0	0.015625
target_cancer_10_club cell	0.0171990171990172	0.0127118644067797	0	0.0147058823529412
target_cancer_11_club cell	0.0175879396984925	0.013215859030837	0	0.0169491525423729
target_cancer_12_club cell	0.0174563591022444	0.0130434782608696	0	0.0161290322580645
target_cancer_13_club cell	0.0198511166253102	0.0128755364806867	0	0.0153846153846154
target_cancer_14_club cell	0.0198019801980198	0.0128205128205128	0	0.0151515151515152
target_cancer_15_club cell	0.0200501253132832	0.0131004366812227	0	0.0163934426229508
target_cancer_17_club cell	0.0172839506172839	0.0128205128205128	0	0.0151515151515152
target_cancer_18_club cell	0.0172839506172839	0.0128205128205128	0	0.0151515151515152
target_cancer_2_club cell	0.0174563591022444	0.0130434782608696	0	0.0161290322580645
target_cancer_20_club cell	0.0191387559808612	0.0120967741935484	0	0.0125
target_cancer_23_club cell	0.0192771084337349	0.0122448979591837	0	0.012987012987013
target_cancer_5_club cell	0.0171990171990172	0.0127118644067797	0	0.0147058823529412
target_cancer_6_club cell	0.0150375939849624	0.013215859030837	0	0.0169491525423729
target_cancer_9_club cell	0.0150375939849624	0.013215859030837	0	0.0169491525423729
target_cancer_22_club cell	0.0154241645244216	0.0138248847926267	0	0
target_cancer_4_club cell	0.0175438596491228	0.0131578947368421	0	0.0166666666666667
target_cancer_1_club cell	0.0103626943005181	0.0141509433962264	0	0
target_cancer_3_club cell	0.0201005025125628	0.0131578947368421	0	0.0166666666666667
target_cancer_7_club cell	0.0176767676767677	0.0133333333333333	0	0.0175438596491228
target_cancer_16_club cell	0.0206185567010309	0.0137614678899083	0	0.02
target_cancer_8_club cell	0.0157894736842105	0.0144230769230769	0	0.025
target_cancer_21_club cell	0.00515463917525773	0.00467289719626168	0	0.0227272727272727
target_cancer_19_club cell	0.00804289544235925	0.005	0	0
target_cancer_0_hepatocyte	0.0103092783505155	0.00930232558139535	0	0.0217391304347826
target_cancer_10_hepatocyte	0.0103092783505155	0.00930232558139535	0	0.0217391304347826
target_cancer_11_hepatocyte	0.010498687664042	0.00961538461538462	0	0.0256410256410256
target_cancer_12_hepatocyte	0.010498687664042	0.00961538461538462	0	0.0256410256410256
target_cancer_13_hepatocyte	0.0103896103896104	0.00943396226415094	0	0.0232558139534884
target_cancer_14_hepatocyte	0.0103626943005181	0.00938967136150235	0	0.0227272727272727
target_cancer_15_hepatocyte	0.0104712041884817	0.00956937799043062	0	0.025
target_cancer_17_hepatocyte	0.0105263157894737	0.00966183574879227	0	0.0263157894736842
target_cancer_18_hepatocyte	0.0103896103896104	0.00943396226415094	0	0.0232558139534884
target_cancer_2_hepatocyte	0.0102827763496144	0.00925925925925926	0	0.0212765957446809
target_cancer_20_hepatocyte	0.0102564102564103	0.00921658986175115	0	0.0208333333333333
target_cancer_23_hepatocyte	0.010230179028133	0.00917431192660551	0	0.0204081632653061
target_cancer_5_hepatocyte	0.0103626943005181	0.00938967136150235	0	0.0227272727272727
target_cancer_6_hepatocyte	0.0105820105820106	0.00975609756097561	0	0.0277777777777778
target_cancer_9_hepatocyte	0.0105263157894737	0.00966183574879227	0	0.0263157894736842
target_cancer_16_hepatocyte	0.0105820105820106	0.00975609756097561	0	0.0277777777777778
target_cancer_3_hepatocyte	0.0104712041884817	0.00956937799043062	0	0.025
target_cancer_4_hepatocyte	0.0104166666666667	0.00947867298578199	0	0.0238095238095238
target_cancer_7_hepatocyte	0.010498687664042	0.00961538461538462	0	0.0256410256410256
target_cancer_8_hepatocyte	0.0106666666666667	0.0099009900990099	0	0.0303030303030303
target_cancer_21_hepatocyte	0.00261780104712042	0.00483091787439614	0	0.027027027027027
target_cancer_19_hepatocyte	0.00546448087431694	0.00520833333333333	0	0
target_cancer_22_hepatocyte	0.008	0.00995024875621891	0	0
target_cancer_1_hepatocyte	0.00530503978779841	0.0099009900990099	0	0
target_cancer_0_ionocyte	0.0154639175257732	0.0138888888888889	0	0.0208333333333333
target_cancer_10_ionocyte	0.0151898734177215	0.0134529147982063	0	0.0181818181818182
target_cancer_11_ionocyte	0.0155844155844156	0.0140845070422535	0	0.0222222222222222
target_cancer_12_ionocyte	0.0155844155844156	0.0140845070422535	0	0.0222222222222222
target_cancer_13_ionocyte	0.0154241645244216	0.0138248847926267	0	0.0204081632653061
target_cancer_14_ionocyte	0.0153846153846154	0.0137614678899083	0	0.02
target_cancer_15_ionocyte	0.0180878552971576	0.0138888888888889	0	0.0208333333333333
target_cancer_17_ionocyte	0.0179028132992327	0.0136363636363636	0	0.0192307692307692
target_cancer_18_ionocyte	0.0153061224489796	0.0136363636363636	0	0.0192307692307692
target_cancer_2_ionocyte	0.0153452685421995	0.0136986301369863	0	0.0196078431372549
target_cancer_20_ionocyte	0.0150375939849624	0.013215859030837	0	0.0169491525423729
target_cancer_23_ionocyte	0.0175879396984925	0.013215859030837	0	0.0169491525423729
target_cancer_5_ionocyte	0.0151133501259446	0.0133333333333333	0	0.0175438596491228
target_cancer_6_ionocyte	0.0103896103896104	0.014218009478673	0	0.0232558139534884
target_cancer_9_ionocyte	0.0129198966408269	0.014018691588785	0	0.0217391304347826
target_cancer_16_ionocyte	0.0183727034120735	0.0142857142857143	0	0.0238095238095238
target_cancer_3_ionocyte	0.0179948586118252	0.0137614678899083	0	0.02
target_cancer_4_ionocyte	0.0180412371134021	0.0138248847926267	0	0.0204081632653061
target_cancer_7_ionocyte	0.0129533678756477	0.0140845070422535	0	0.0222222222222222
target_cancer_8_ionocyte	0.0106666666666667	0.0149253731343284	0	0.0303030303030303
target_cancer_21_ionocyte	0.00263157894736842	0.0048780487804878	0	0.0285714285714286
target_cancer_1_ionocyte	0.00795755968169761	0.0148514851485149	0	0
target_cancer_19_ionocyte	0.00536193029490617	0.0050251256281407	0	0
target_cancer_22_ionocyte	0.0131233595800525	0.0144230769230769	0	0
target_cancer_0_alveolar_type_1	0.0127551020408163	0.00909090909090909	0	0.0196078431372549
target_cancer_10_alveolar_type_1	0.0126903553299492	0.00900900900900901	0	0.0188679245283019
target_cancer_11_alveolar_type_1	0.012853470437018	0.00921658986175115	0	0.0208333333333333
target_cancer_12_alveolar_type_1	0.0129533678756477	0.00934579439252336	0	0.0222222222222222
target_cancer_13_alveolar_type_1	0.0128205128205128	0.00917431192660551	0	0.0204081632653061
target_cancer_14_alveolar_type_1	0.0127877237851662	0.0091324200913242	0	0.02
target_cancer_15_alveolar_type_1	0.0129198966408269	0.00930232558139535	0	0.0217391304347826
target_cancer_16_alveolar_type_1	0.0131578947368421	0.00961538461538462	0	0.0256410256410256
target_cancer_17_alveolar_type_1	0.0128205128205128	0.00917431192660551	0	0.0204081632653061
target_cancer_18_alveolar_type_1	0.010230179028133	0.00917431192660551	0	0.0204081632653061
target_cancer_2_alveolar_type_1	0.0102827763496144	0.00925925925925926	0	0.0212765957446809
target_cancer_20_alveolar_type_1	0.0125	0.0087719298245614	0	0.0169491525423729
target_cancer_23_alveolar_type_1	0.0124688279301746	0.00873362445414847	0	0.0166666666666667
target_cancer_3_alveolar_type_1	0.0129198966408269	0.00930232558139535	0	0.0217391304347826
target_cancer_4_alveolar_type_1	0.0128865979381443	0.00925925925925926	0	0.0212765957446809
target_cancer_5_alveolar_type_1	0.0127226463104326	0.00904977375565611	0	0.0192307692307692
target_cancer_6_alveolar_type_1	0.0103359173126615	0.00934579439252336	0	0.0222222222222222
target_cancer_7_alveolar_type_1	0.0103359173126615	0.00934579439252336	0	0.0222222222222222
target_cancer_8_alveolar_type_1	0.0106100795755968	0.00980392156862745	0	0.0285714285714286
target_cancer_9_alveolar_type_1	0.0103626943005181	0.00938967136150235	0	0.0227272727272727
target_cancer_21_alveolar_type_1	0.0026246719160105	0.00485436893203883	0	0.0277777777777778
target_cancer_1_alveolar_type_1	0.00527704485488127	0.00980392156862745	0	0
target_cancer_22_alveolar_type_1	0.0106100795755968	0.00980392156862745	0	0
target_cancer_19_alveolar_type_1	0.00540540540540541	0.00510204081632653	0	0
target_cancer_0_endothelial	0.0152284263959391	0.00896860986547085	0	0.0185185185185185
target_cancer_10_endothelial	0.0124378109452736	0.00869565217391304	0	0.0163934426229508
target_cancer_11_endothelial	0.0127551020408163	0.00909090909090909	0	0.0196078431372549
target_cancer_12_endothelial	0.0126903553299492	0.00900900900900901	0	0.0188679245283019
target_cancer_13_endothelial	0.0151515151515152	0.00888888888888889	0	0.0178571428571429
target_cancer_14_endothelial	0.0151133501259446	0.00884955752212389	0	0.0175438596491228
target_cancer_15_endothelial	0.0152671755725191	0.00900900900900901	0	0.0188679245283019
target_cancer_16_endothelial	0.0154639175257732	0.00921658986175115	0	0.0208333333333333
target_cancer_17_endothelial	0.0151133501259446	0.00884955752212389	0	0.0175438596491228
target_cancer_18_endothelial	0.0126262626262626	0.00892857142857143	0	0.0181818181818182
target_cancer_2_endothelial	0.0125944584382872	0.00888888888888889	0	0.0178571428571429
target_cancer_20_endothelial	0.0146341463414634	0.00836820083682008	0	0.0142857142857143
target_cancer_23_endothelial	0.0147058823529412	0.00843881856540084	0	0.0147058823529412
target_cancer_3_endothelial	0.0151898734177215	0.00892857142857143	0	0.0181818181818182
target_cancer_4_endothelial	0.0151515151515152	0.00888888888888889	0	0.0178571428571429
target_cancer_5_endothelial	0.0124378109452736	0.00869565217391304	0	0.0163934426229508
target_cancer_6_endothelial	0.0102040816326531	0.0091324200913242	0	0.02
target_cancer_7_endothelial	0.0127226463104326	0.00904977375565611	0	0.0192307692307692
target_cancer_8_endothelial	0.00789473684210526	0.00483091787439614	0	0.027027027027027
target_cancer_9_endothelial	0.0103092783505155	0.00930232558139535	0	0.0217391304347826
target_cancer_21_endothelial	0	0	0	0.0232558139534884
target_cancer_1_endothelial	0.00523560209424084	0.00966183574879227	0	0
target_cancer_19_endothelial	0.00536193029490617	0	0	0
target_cancer_22_endothelial	0.012987012987013	0.00938967136150235	0	0
target_cancer_11_melanocytes	0.0129533678756477	0.00934579439252336	0	0
target_cancer_1_melanocytes	0.0079155672823219	0.00975609756097561	0	0
target_cancer_21_melanocytes	0.00523560209424084	0.00480769230769231	0	0
target_cancer_0_melanocytes	0.0153061224489796	0.00904977375565611	0	0
target_cancer_10_melanocytes	0.0127877237851662	0.0091324200913242	0	0
target_cancer_12_melanocytes	0.012987012987013	0.00938967136150235	0	0
target_cancer_13_melanocytes	0.0154241645244216	0.00917431192660551	0	0
target_cancer_14_melanocytes	0.0153452685421995	0.00909090909090909	0	0
target_cancer_15_melanocytes	0.0155844155844156	0.00934579439252336	0	0
target_cancer_16_melanocytes	0.0158730158730159	0.00966183574879227	0	0
target_cancer_17_melanocytes	0.0155038759689922	0.00925925925925926	0	0
target_cancer_18_melanocytes	0.0127877237851662	0.0091324200913242	0	0
target_cancer_19_melanocytes	0.010752688172043	0.005	0	0
target_cancer_2_melanocytes	0.012853470437018	0.00921658986175115	0	0
target_cancer_20_melanocytes	0.0151133501259446	0.00884955752212389	0	0
target_cancer_22_melanocytes	0.0158311345646438	0.00961538461538462	0	0
target_cancer_23_melanocytes	0.0152284263959391	0.00896860986547085	0	0
target_cancer_3_melanocytes	0.0155844155844156	0.00934579439252336	0	0
target_cancer_4_melanocytes	0.015625	0.00938967136150235	0	0
target_cancer_5_melanocytes	0.0127877237851662	0.0091324200913242	0	0
target_cancer_6_melanocytes	0.0104166666666667	0.00947867298578199	0	0
target_cancer_7_melanocytes	0.012853470437018	0.00921658986175115	0	0
target_cancer_9_melanocytes	0.0103626943005181	0.00938967136150235	0	0
target_cancer_8_melanocytes	0.00797872340425532	0.0099009900990099	0	0
target_cancer_21_Neutrophils	0.00268817204301075	0	0	0
target_cancer_0_Neutrophils	0.0026246719160105	0	0	0
target_cancer_10_Neutrophils	0.00531914893617021	0.00495049504950495	0	0
target_cancer_11_Neutrophils	0.00537634408602151	0.00505050505050505	0	0
target_cancer_13_Neutrophils	0.00265957446808511	0	0	0
target_cancer_14_Neutrophils	0.00526315789473684	0.00485436893203883	0	0
target_cancer_18_Neutrophils	0.00533333333333333	0.00497512437810945	0	0
target_cancer_2_Neutrophils	0.00531914893617021	0.00495049504950495	0	0
target_cancer_20_Neutrophils	0.00263852242744063	0	0	0
target_cancer_23_Neutrophils	0.00263852242744063	0	0	0
target_cancer_6_Neutrophils	0.00537634408602151	0.00505050505050505	0	0
target_cancer_8_Neutrophils	0.00269541778975741	0	0	0
target_cancer_9_Neutrophils	0.00531914893617021	0.00495049504950495	0	0
target_cancer_12_Neutrophils	0.00268817204301075	0	0	0
target_cancer_15_Neutrophils	0.0053475935828877	0.005	0	0
target_cancer_16_Neutrophils	0.0027027027027027	0	0	0
target_cancer_17_Neutrophils	0	0	0	0
target_cancer_3_Neutrophils	0.00269541778975741	0	0	0
target_cancer_4_Neutrophils	0	0	0	0
target_cancer_5_Neutrophils	0.00533333333333333	0.00497512437810945	0	0
target_cancer_7_Neutrophils	0.0027027027027027	0	0	0
target_cancer_1_Neutrophils	0.0027027027027027	0	0	0
target_cancer_22_Neutrophils	0	0	0	0
target_cancer_19_Neutrophils	0	0	0	0
target_cancer_10_stroma	0.0103896103896104	0.00943396226415094	0	0
target_cancer_12_stroma	0.0105540897097625	0.00970873786407767	0	0
target_cancer_13_stroma	0.0104712041884817	0.00956937799043062	0	0
target_cancer_15_stroma	0.010498687664042	0.00961538461538462	0	0
target_cancer_16_stroma	0.010443864229765	0.00952380952380952	0	0
target_cancer_17_stroma	0.0103626943005181	0.00938967136150235	0	0
target_cancer_18_stroma	0.00783289817232376	0.00956937799043062	0	0
target_cancer_2_stroma	0.00775193798449612	0.00938967136150235	0	0
target_cancer_20_stroma	0.010230179028133	0.00917431192660551	0	0
target_cancer_3_stroma	0.0103896103896104	0.00943396226415094	0	0
target_cancer_4_stroma	0.0103896103896104	0.00943396226415094	0	0
target_cancer_5_stroma	0.0103092783505155	0.00930232558139535	0	0
target_cancer_7_stroma	0.00785340314136126	0.00961538461538462	0	0
target_cancer_1_stroma	0.005249343832021	0.00970873786407767	0	0
target_cancer_0_stroma	0.0103896103896104	0.00943396226415094	0	0
target_cancer_11_stroma	0.0104712041884817	0.00956937799043062	0	0
target_cancer_14_stroma	0.010443864229765	0.00952380952380952	0	0
target_cancer_22_stroma	0.0105540897097625	0.00970873786407767	0	0
target_cancer_23_stroma	0.0102827763496144	0.00925925925925926	0	0
target_cancer_6_stroma	0.0079155672823219	0.00975609756097561	0	0
target_cancer_8_stroma	0.00802139037433155	0.01	0	0
target_cancer_9_stroma	0.0079155672823219	0.00975609756097561	0	0
target_cancer_19_stroma	0.00543478260869565	0.00515463917525773	0	0
target_cancer_21_stroma	0.0026525198938992	0.00495049504950495	0	0
target_cancer_0_neuro_e_cell	0.00527704485488127	0.0048780487804878	0	0
target_cancer_10_neuro_e_cell	0.00263157894736842	0.0048780487804878	0	0
target_cancer_11_neuro_e_cell	0.0026525198938992	0.00495049504950495	0	0
target_cancer_12_neuro_e_cell	0.0026525198938992	0.00495049504950495	0	0
target_cancer_13_neuro_e_cell	0.00527704485488127	0.0048780487804878	0	0
target_cancer_14_neuro_e_cell	0.005249343832021	0.00483091787439614	0	0
target_cancer_15_neuro_e_cell	0.00529100529100529	0.00490196078431373	0	0
target_cancer_16_neuro_e_cell	0.00527704485488127	0.0048780487804878	0	0
target_cancer_17_neuro_e_cell	0.00523560209424084	0.00480769230769231	0	0
target_cancer_18_neuro_e_cell	0.00523560209424084	0.00480769230769231	0	0
target_cancer_2_neuro_e_cell	0.00526315789473684	0.00485436893203883	0	0
target_cancer_20_neuro_e_cell	0.00519480519480519	0.004739336492891	0	0
target_cancer_22_neuro_e_cell	0.00527704485488127	0.0048780487804878	0	0
target_cancer_23_neuro_e_cell	0.005249343832021	0.00483091787439614	0	0
target_cancer_3_neuro_e_cell	0.00526315789473684	0.00485436893203883	0	0
target_cancer_4_neuro_e_cell	0.00526315789473684	0.00485436893203883	0	0
target_cancer_5_neuro_e_cell	0.00261096605744125	0.00480769230769231	0	0
target_cancer_6_neuro_e_cell	0.00264550264550265	0.00492610837438424	0	0
target_cancer_7_neuro_e_cell	0.00527704485488127	0.0048780487804878	0	0
target_cancer_8_neuro_e_cell	0.00268096514745308	0.00505050505050505	0	0
target_cancer_9_neuro_e_cell	0.00263852242744063	0.00490196078431373	0	0
target_cancer_19_neuro_e_cell	0.00539083557951483	0.0050761421319797	0	0
target_cancer_1_neuro_e_cell	0.00268096514745308	0.00505050505050505	0	0
target_cancer_21_neuro_e_cell	0.0027027027027027	0.00512820512820513	0	0
source_cancer_16_cancer	0.0267639902676399	0.0291666666666667	0.0143884892086331	0.0131578947368421
source_cancer_17_cancer	0.028169014084507	0.02734375	0.0129032258064516	0.0108695652173913
source_cancer_18_cancer	0.0202702702702703	0.025830258302583	0.0117647058823529	0
source_cancer_23_cancer	0.0278372591006424	0.023489932885906	0.0153061224489796	0.00746268656716418
source_cancer_3_cancer	0.0258215962441315	0.0274509803921569	0.012987012987013	0.010989010989011
source_cancer_4_cancer	0.0232558139534884	0.0271317829457364	0.0127388535031847	0.0106382978723404
source_cancer_5_cancer	0.0296803652968037	0.0337078651685393	0.0179640718562874	0
source_cancer_14_cancer	0.0265486725663717	0.0284697508896797	0.0166666666666667	0
source_cancer_15_cancer	0.0305882352941176	0.0313725490196078	0.0194805194805195	0
source_cancer_2_cancer	0.0256410256410256	0.0311284046692607	0.0192307692307692	0
source_cancer_6_cancer	0.0234192037470726	0.031496062992126	0.0196078431372549	0
source_cancer_9_cancer	0.0232018561484919	0.0310077519379845	0.0191082802547771	0
source_cancer_0_cancer	0.0292134831460674	0.0290909090909091	0.0172413793103448	0.00892857142857143
source_cancer_10_cancer	0.0316027088036117	0.032967032967033	0.0173410404624277	0.00900900900900901
source_cancer_11_cancer	0.0303738317757009	0.027027027027027	0.0191082802547771	0.0105263157894737
source_cancer_12_cancer	0.0345622119815668	0.0339622641509434	0.0181818181818182	0.00970873786407767
source_cancer_20_cancer	0.0292134831460674	0.0290909090909091	0.0172413793103448	0.00892857142857143
source_cancer_19_cancer	0.00506329113924051	0.00909090909090909	0.00869565217391304	0
source_cancer_22_cancer	0.0121951219512195	0.0256410256410256	0.0075187969924812	0
source_cancer_1_cancer	0.0199501246882793	0.0263157894736842	0.024	0
source_cancer_13_cancer	0.0289156626506024	0.0327868852459016	0.020979020979021	0
source_cancer_21_cancer	0.0220588235294118	0.0297872340425532	0.0225563909774436	0.0140845070422535
source_cancer_7_cancer	0.0315533980582524	0.037344398340249	0.0212765957446809	0.0126582278481013
source_cancer_8_cancer	0.017632241813602	0.0223214285714286	0.0165289256198347	0
source_cancer_16_Dendritic	0.0203562340966921	0.0319634703196347	0.0169491525423729	0.0181818181818182
source_cancer_17_Dendritic	0.0201511335012594	0.031390134529148	0.0163934426229508	0.0169491525423729
source_cancer_18_Dendritic	0.0100250626566416	0.027027027027027	0.00826446280991736	0
source_cancer_3_Dendritic	0.0200501253132832	0.0311111111111111	0.0161290322580645	0.0163934426229508
source_cancer_4_Dendritic	0.0201005025125628	0.03125	0.016260162601626	0.0166666666666667
source_cancer_5_Dendritic	0.019559902200489	0.0297872340425532	0.0149253731343284	0.0140845070422535
source_cancer_14_Dendritic	0.0197044334975369	0.0301724137931034	0.0152671755725191	0.0147058823529412
source_cancer_15_Dendritic	0.0223880597014925	0.0260869565217391	0.015625	0.0153846153846154
source_cancer_2_Dendritic	0.0175	0.0311111111111111	0.0161290322580645	0.0163934426229508
source_cancer_6_Dendritic	0.0174129353233831	0.0308370044052863	0.0158730158730159	0.0158730158730159
source_cancer_9_Dendritic	0.0175438596491228	0.03125	0.016260162601626	0.0166666666666667
source_cancer_0_Dendritic	0.0199501246882793	0.0308370044052863	0.0158730158730159	0.0158730158730159
source_cancer_1_Dendritic	0.0155038759689922	0.0234741784037559	0.0181818181818182	0.0212765957446809
source_cancer_10_Dendritic	0.0196560196560197	0.0300429184549356	0.0151515151515152	0.0144927536231884
source_cancer_11_Dendritic	0.0223325062034739	0.025974025974026	0.0155038759689922	0.0151515151515152
source_cancer_12_Dendritic	0.0222222222222222	0.0301724137931034	0.0152671755725191	0.0147058823529412
source_cancer_13_Dendritic	0.0227848101265823	0.0315315315315315	0.0165289256198347	0.0172413793103448
source_cancer_20_Dendritic	0.0197044334975369	0.0301724137931034	0.0152671755725191	0.0147058823529412
source_cancer_21_Dendritic	0.0180412371134021	0.0280373831775701	0.0178571428571429	0.0204081632653061
source_cancer_7_Dendritic	0.0230769230769231	0.032258064516129	0.0172413793103448	0.0188679245283019
source_cancer_8_Dendritic	0.0205655526992288	0.0277777777777778	0.0175438596491228	0.0196078431372549
source_cancer_19_Dendritic	0.00529100529100529	0.00985221674876847	0.0102040816326531	0.0294117647058824
source_cancer_23_Dendritic	0.0193704600484262	0.025	0.0144927536231884	0.0133333333333333
source_cancer_22_Dendritic	0.0103896103896104	0.0239234449760766	0.00934579439252336	0.0232558139534884
source_cancer_16_fibroblast	0.00259067357512953	0.0143540669856459	0.00952380952380952	0
source_cancer_17_fibroblast	0.0050761421319797	0.0137614678899083	0.0087719298245614	0
source_cancer_18_fibroblast	0.00245098039215686	0.012987012987013	0.0078740157480315	0
source_cancer_23_fibroblast	0.00242718446601942	0.00847457627118644	0.00763358778625954	0
source_cancer_3_fibroblast	0.00505050505050505	0.0136363636363636	0.0173913043478261	0
source_cancer_4_fibroblast	0.00251889168765743	0.0136363636363636	0.00862068965517241	0
source_cancer_5_fibroblast	0.00742574257425743	0.0220264317180617	0.008	0
source_cancer_14_fibroblast	0.00245098039215686	0.012987012987013	0.0078740157480315	0
source_cancer_15_fibroblast	0.00757575757575758	0.0135746606334842	0.00854700854700855	0
source_cancer_2_fibroblast	0.00498753117206983	0.0178571428571429	0.00826446280991736	0
source_cancer_6_fibroblast	0.00503778337531486	0.0135746606334842	0.00854700854700855	0
source_cancer_9_fibroblast	0.0025	0.018018018018018	0.0169491525423729	0
source_cancer_22_fibroblast	0	0.00952380952380952	0.00952380952380952	0
source_cancer_0_fibroblast	0.00245098039215686	0.012987012987013	0.0078740157480315	0
source_cancer_1_fibroblast	0.0078740157480315	0.00966183574879227	0.0198019801980198	0
source_cancer_10_fibroblast	0.0122549019607843	0.0214592274678112	0.0153846153846154	0
source_cancer_11_fibroblast	0.0123456790123457	0.0129310344827586	0.015748031496063	0
source_cancer_12_fibroblast	0.00755667506297229	0.0180995475113122	0.00847457627118644	0
source_cancer_13_fibroblast	0.0050761421319797	0.0137614678899083	0.0087719298245614	0
source_cancer_20_fibroblast	0.00495049504950495	0.0131578947368421	0.00806451612903226	0
source_cancer_21_fibroblast	0	0.00970873786407767	0.0099009900990099	0
source_cancer_7_fibroblast	0.0154241645244216	0.0185185185185185	0.0178571428571429	0
source_cancer_8_fibroblast	0.00261096605744125	0.00966183574879227	0.00980392156862745	0
source_cancer_19_fibroblast	0	0.00492610837438424	0.0103092783505155	0
source_cancer_16_MF-Monocytes	0.0178117048346056	0.0273972602739726	0.0170940170940171	0.0185185185185185
source_cancer_17_MF-Monocytes	0.0177215189873418	0.0271493212669683	0.0168067226890756	0.0178571428571429
source_cancer_18_MF-Monocytes	0.00748129675810474	0.0223214285714286	0.00819672131147541	0
source_cancer_23_MF-Monocytes	0.0169082125603865	0.020746887966805	0.0144927536231884	0.0133333333333333
source_cancer_3_MF-Monocytes	0.0177664974619289	0.0272727272727273	0.0169491525423729	0.0181818181818182
source_cancer_4_MF-Monocytes	0.0177215189873418	0.0271493212669683	0.0168067226890756	0.0178571428571429
source_cancer_5_MF-Monocytes	0.0171149144254279	0.025531914893617	0.0150375939849624	0.0142857142857143
source_cancer_14_MF-Monocytes	0.0171990171990172	0.0257510729613734	0.0152671755725191	0.0147058823529412
source_cancer_15_MF-Monocytes	0.0199004975124378	0.0217391304347826	0.015748031496063	0.015625
source_cancer_2_MF-Monocytes	0.0149253731343284	0.026431718061674	0.016	0.0161290322580645
source_cancer_6_MF-Monocytes	0.0149625935162095	0.0265486725663717	0.0161290322580645	0.0163934426229508
source_cancer_9_MF-Monocytes	0.0149253731343284	0.026431718061674	0.016	0.0161290322580645
source_cancer_0_MF-Monocytes	0.0174129353233831	0.0263157894736842	0.0158730158730159	0.0158730158730159
source_cancer_1_MF-Monocytes	0.0129198966408269	0.0187793427230047	0.018348623853211	0.0217391304347826
source_cancer_10_MF-Monocytes	0.0171990171990172	0.0257510729613734	0.0152671755725191	0.0147058823529412
source_cancer_11_MF-Monocytes	0.0197530864197531	0.0214592274678112	0.0153846153846154	0.0149253731343284
source_cancer_12_MF-Monocytes	0.0197044334975369	0.0257510729613734	0.0152671755725191	0.0147058823529412
source_cancer_13_MF-Monocytes	0.0202020202020202	0.0269058295964126	0.0165289256198347	0.0172413793103448
source_cancer_20_MF-Monocytes	0.0171149144254279	0.025531914893617	0.0150375939849624	0.0142857142857143
source_cancer_21_MF-Monocytes	0.0154639175257732	0.0233644859813084	0.018018018018018	0.0208333333333333
source_cancer_7_MF-Monocytes	0.0203562340966921	0.0272727272727273	0.0169491525423729	0.0181818181818182
source_cancer_8_MF-Monocytes	0.0178117048346056	0.0227272727272727	0.0170940170940171	0.0185185185185185
source_cancer_19_MF-Monocytes	0.0026525198938992	0.00495049504950495	0.0104166666666667	0.03125
source_cancer_22_MF-Monocytes	0.00779220779220779	0.0191387559808612	0.00943396226415094	0.0238095238095238
source_cancer_16_pDCs	0.0153061224489796	0.0182648401826484	0.0173913043478261	0.0192307692307692
source_cancer_17_pDCs	0.0151515151515152	0.0179372197309417	0.0168067226890756	0.0178571428571429
source_cancer_18_pDCs	0.00761421319796954	0.018348623853211	0.00869565217391304	0
source_cancer_3_pDCs	0.0151515151515152	0.0179372197309417	0.0168067226890756	0.0178571428571429
source_cancer_4_pDCs	0.0151133501259446	0.0178571428571429	0.0166666666666667	0.0175438596491228
source_cancer_5_pDCs	0.0175879396984925	0.0176991150442478	0.0163934426229508	0.0169491525423729
source_cancer_14_pDCs	0.0173697270471464	0.0217391304347826	0.015748031496063	0.015625
source_cancer_15_pDCs	0.0179487179487179	0.0136986301369863	0.0175438596491228	0.0196078431372549
source_cancer_2_pDCs	0.0125628140703518	0.0224215246636771	0.0166666666666667	0.0175438596491228
source_cancer_6_pDCs	0.0153061224489796	0.0182648401826484	0.0173913043478261	0.0192307692307692
source_cancer_9_pDCs	0.0126582278481013	0.0227272727272727	0.0170940170940171	0.0185185185185185
source_cancer_0_pDCs	0.0173267326732673	0.0216450216450216	0.015625	0.0153846153846154
source_cancer_1_pDCs	0.0103626943005181	0.0141509433962264	0.0186915887850467	0.0227272727272727
source_cancer_10_pDCs	0.0175438596491228	0.0176211453744493	0.016260162601626	0.0166666666666667
source_cancer_11_pDCs	0.017632241813602	0.0177777777777778	0.0165289256198347	0.0172413793103448
source_cancer_12_pDCs	0.0199501246882793	0.0218340611353712	0.0158730158730159	0.0158730158730159
source_cancer_13_pDCs	0.0206185567010309	0.0231481481481481	0.0176991150442478	0.02
source_cancer_20_pDCs	0.0151898734177215	0.018018018018018	0.0169491525423729	0.0181818181818182
source_cancer_21_pDCs	0.0130208333333333	0.019047619047619	0.0188679245283019	0.0232558139534884
source_cancer_22_pDCs	0.00523560209424084	0.00966183574879227	0	0.0263157894736842
source_cancer_7_pDCs	0.0180412371134021	0.0185185185185185	0.0178571428571429	0.0204081632653061
source_cancer_8_pDCs	0.015625	0.0141509433962264	0.00925925925925926	0.0227272727272727
source_cancer_19_pDCs	0.00265957446808511	0.00497512437810945	0.0105263157894737	0.032258064516129
source_cancer_23_pDCs	0.0172413793103448	0.0170940170940171	0.0153846153846154	0.0149253731343284
source_cancer_0_club cell	0.00968523002421308	0.0168067226890756	0.00740740740740741	0
source_cancer_10_club cell	0.0121951219512195	0.0212765957446809	0.0075187969924812	0
source_cancer_11_club cell	0.00992555831265509	0.0131004366812227	0.008	0
source_cancer_12_club cell	0.0147058823529412	0.0213675213675214	0.00757575757575758	0
source_cancer_14_club cell	0.00959232613908873	0.0165289256198347	0.00719424460431655	0
source_cancer_16_club cell	0.00763358778625954	0.0184331797235023	0.0087719298245614	0
source_cancer_18_club cell	0.00952380952380952	0.0163265306122449	0.00704225352112676	0
source_cancer_23_club cell	0.00950118764845606	0.0121457489878543	0.00699300699300699	0
source_cancer_5_club cell	0.0121654501216545	0.0211864406779661	0.00746268656716418	0
source_cancer_9_club cell	0.00493827160493827	0.0175438596491228	0.008	0
source_cancer_2_club cell	0.00995024875621891	0.0221238938053097	0.00806451612903226	0
source_cancer_20_club cell	0.00968523002421308	0.0168067226890756	0.00740740740740741	0
source_cancer_6_club cell	0.00495049504950495	0.0176211453744493	0.00806451612903226	0
source_cancer_19_club cell	0.00257731958762887	0.00943396226415094	0.00934579439252336	0
source_cancer_17_club cell	0.0100250626566416	0.0178571428571429	0.00826446280991736	0
source_cancer_22_club cell	0.00253164556962025	0.0137614678899083	0.0087719298245614	0
source_cancer_3_club cell	0.00748129675810474	0.0177777777777778	0.00819672131147541	0
source_cancer_4_club cell	0.00498753117206983	0.0178571428571429	0.00826446280991736	0
source_cancer_1_club cell	0.00261780104712042	0.0146341463414634	0.0099009900990099	0
source_cancer_13_club cell	0.0125628140703518	0.0178571428571429	0.00826446280991736	0
source_cancer_21_club cell	0.00259067357512953	0.0143540669856459	0.00952380952380952	0
source_cancer_7_club cell	0.0101781170483461	0.0230414746543779	0.00869565217391304	0
source_cancer_8_club cell	0.00515463917525773	0.0141509433962264	0.00925925925925926	0
source_cancer_15_club cell	0.0126262626262626	0.018018018018018	0.00840336134453781	0
source_cancer_0_alveolar_type_1	0.00498753117206983	0.0178571428571429	0.00826446280991736	0
source_cancer_1_alveolar_type_1	0.0026525198938992	0.015	0.0104166666666667	0
source_cancer_10_alveolar_type_1	0.0075	0.0224215246636771	0.00826446280991736	0
source_cancer_11_alveolar_type_1	0.00755667506297229	0.0135135135135135	0.00847457627118644	0
source_cancer_12_alveolar_type_1	0.0100755667506297	0.0226244343891403	0.00840336134453781	0
source_cancer_13_alveolar_type_1	0.0076530612244898	0.0185185185185185	0.00884955752212389	0
source_cancer_14_alveolar_type_1	0.00493827160493827	0.0175438596491228	0.008	0
source_cancer_16_alveolar_type_1	0.00520833333333333	0.0193236714975845	0.00961538461538462	0
source_cancer_17_alveolar_type_1	0.00769230769230769	0.0186915887850467	0.00900900900900901	0
source_cancer_18_alveolar_type_1	0.00492610837438424	0.0174672489082969	0.00793650793650794	0
source_cancer_2_alveolar_type_1	0.00761421319796954	0.0230414746543779	0.00869565217391304	0
source_cancer_20_alveolar_type_1	0.00740740740740741	0.0174672489082969	0.00793650793650794	0
source_cancer_21_alveolar_type_1	0.00263157894736842	0.0147783251231527	0.0101010101010101	0
source_cancer_22_alveolar_type_1	0.00257731958762887	0.019047619047619	0.00934579439252336	0
source_cancer_3_alveolar_type_1	0.00512820512820513	0.0187793427230047	0.00909090909090909	0
source_cancer_4_alveolar_type_1	0.00510204081632653	0.0186046511627907	0.00892857142857143	0
source_cancer_5_alveolar_type_1	0.0075	0.0224215246636771	0.00826446280991736	0
source_cancer_6_alveolar_type_1	0.0025062656641604	0.0180995475113122	0.00847457627118644	0
source_cancer_7_alveolar_type_1	0.0102827763496144	0.0234741784037559	0.00900900900900901	0
source_cancer_8_alveolar_type_1	0.00520833333333333	0.0144230769230769	0.00961538461538462	0
source_cancer_9_alveolar_type_1	0.00251256281407035	0.0181818181818182	0.00854700854700855	0
source_cancer_23_alveolar_type_1	0.00492610837438424	0.0130434782608696	0.00793650793650794	0
source_cancer_15_alveolar_type_1	0.0102040816326531	0.0184331797235023	0.0087719298245614	0
source_cancer_19_alveolar_type_1	0.00263157894736842	0.00980392156862745	0.0101010101010101	0
source_cancer_0_alveolar_type_2	0.00726392251815981	0.0168776371308017	0.00746268656716418	0
source_cancer_1_alveolar_type_2	0.00264550264550265	0.0149253731343284	0.0103092783505155	0
source_cancer_10_alveolar_type_2	0.00985221674876847	0.0217391304347826	0.0078125	0
source_cancer_11_alveolar_type_2	0.00755667506297229	0.0135135135135135	0.00847457627118644	0
source_cancer_12_alveolar_type_2	0.0123762376237624	0.0218340611353712	0.0078740157480315	0
source_cancer_13_alveolar_type_2	0.0101010101010101	0.0180995475113122	0.00847457627118644	0
source_cancer_14_alveolar_type_2	0.00719424460431655	0.016597510373444	0.0072463768115942	0
source_cancer_16_alveolar_type_2	0.0051413881748072	0.0188679245283019	0.00917431192660551	0
source_cancer_17_alveolar_type_2	0.00759493670886076	0.0182648401826484	0.00862068965517241	0
source_cancer_18_alveolar_type_2	0.00728155339805825	0.0169491525423729	0.0075187969924812	0
source_cancer_2_alveolar_type_2	0.0075	0.0224215246636771	0.00826446280991736	0
source_cancer_20_alveolar_type_2	0.00737100737100737	0.0173160173160173	0.0078125	0
source_cancer_21_alveolar_type_2	0.00261096605744125	0.0145631067961165	0.00980392156862745	0
source_cancer_3_alveolar_type_2	0.00505050505050505	0.0182648401826484	0.00862068965517241	0
source_cancer_4_alveolar_type_2	0.0050251256281407	0.0180995475113122	0.00847457627118644	0
source_cancer_5_alveolar_type_2	0.00982800982800983	0.0216450216450216	0.00775193798449612	0
source_cancer_6_alveolar_type_2	0.0050251256281407	0.0180995475113122	0.00847457627118644	0
source_cancer_7_alveolar_type_2	0.010230179028133	0.0232558139534884	0.00884955752212389	0
source_cancer_8_alveolar_type_2	0.00522193211488251	0.0144927536231884	0.00970873786407767	0
source_cancer_9_alveolar_type_2	0.00248756218905473	0.0178571428571429	0.00826446280991736	0
source_cancer_23_alveolar_type_2	0.00717703349282297	0.0123456790123457	0.00719424460431655	0
source_cancer_22_alveolar_type_2	0.00258397932816537	0.0142857142857143	0.00943396226415094	0
source_cancer_15_alveolar_type_2	0.0126262626262626	0.018018018018018	0.00840336134453781	0
source_cancer_19_alveolar_type_2	0.00261780104712042	0.00970873786407767	0.0099009900990099	0
source_cancer_0_B-cells-M	0.00261096605744125	0.0145631067961165	0.00980392156862745	0
source_cancer_1_B-cells-M	0	0.0101010101010101	0.010752688172043	0
source_cancer_10_B-cells-M	0.0026246719160105	0.0147058823529412	0.01	0
source_cancer_11_B-cells-M	0.005249343832021	0.00970873786407767	0.0099009900990099	0
source_cancer_12_B-cells-M	0.00522193211488251	0.0144927536231884	0.00970873786407767	0
source_cancer_13_B-cells-M	0.00531914893617021	0.015	0.0104166666666667	0
source_cancer_14_B-cells-M	0.00260416666666667	0.0144927536231884	0.00970873786407767	0
source_cancer_16_B-cells-M	0.00268096514745308	0.0101522842639594	0.0108695652173913	0
source_cancer_18_B-cells-M	0.0026246719160105	0.0147058823529412	0.01	0
source_cancer_2_B-cells-M	0.00261096605744125	0.0145631067961165	0.00980392156862745	0
source_cancer_20_B-cells-M	0.00263157894736842	0.0147783251231527	0.0101010101010101	0
source_cancer_21_B-cells-M	0	0.0101010101010101	0.010752688172043	0
source_cancer_3_B-cells-M	0.00263157894736842	0.0147783251231527	0.0101010101010101	0
source_cancer_4_B-cells-M	0.00263157894736842	0.0147783251231527	0.0101010101010101	0
source_cancer_5_B-cells-M	0.00261096605744125	0.0145631067961165	0.00980392156862745	0
source_cancer_6_B-cells-M	0	0.0147058823529412	0.01	0
source_cancer_7_B-cells-M	0.00529100529100529	0.0148514851485149	0.0102040816326531	0
source_cancer_8_B-cells-M	0.00265957446808511	0.00497512437810945	0	0
source_cancer_9_B-cells-M	0	0.0147058823529412	0.01	0
source_cancer_17_B-cells-M	0.00266666666666667	0.005	0.0106382978723404	0
source_cancer_22_B-cells-M	0	0.00505050505050505	0	0
source_cancer_15_B-cells-M	0.00527704485488127	0.00980392156862745	0.0101010101010101	0
source_cancer_23_B-cells-M	0.0025974025974026	0.00956937799043062	0.00961538461538462	0
source_cancer_19_B-cells-M	0	0.00512820512820513	0.0112359550561798	0
source_cancer_0_endothelial	0.00490196078431373	0.0129310344827586	0.0078125	0
source_cancer_1_endothelial	0	0.00980392156862745	0.0101010101010101	0
source_cancer_10_endothelial	0.00495049504950495	0.0131578947368421	0.00806451612903226	0
source_cancer_11_endothelial	0.00503778337531486	0.00900900900900901	0.00854700854700855	0
source_cancer_12_endothelial	0.00737100737100737	0.0129310344827586	0.0078125	0
source_cancer_13_endothelial	0.00759493670886076	0.0136363636363636	0.00862068965517241	0
source_cancer_14_endothelial	0.00485436893203883	0.0127118644067797	0.00757575757575758	0
source_cancer_16_endothelial	0.00255102040816327	0.013953488372093	0.00900900900900901	0
source_cancer_17_endothelial	0.005	0.0133928571428571	0.00833333333333333	0
source_cancer_18_endothelial	0.00488997555012225	0.0128755364806867	0.00775193798449612	0
source_cancer_2_endothelial	0.00248756218905473	0.0133333333333333	0.00826446280991736	0
source_cancer_20_endothelial	0.00491400491400491	0.012987012987013	0.0078740157480315	0
source_cancer_21_endothelial	0	0.00952380952380952	0.00952380952380952	0
source_cancer_22_endothelial	0	0.014018691588785	0.00909090909090909	0
source_cancer_3_endothelial	0.0025	0.0134529147982063	0.00840336134453781	0
source_cancer_4_endothelial	0.00248756218905473	0.0133333333333333	0.00826446280991736	0
source_cancer_5_endothelial	0.00496277915632754	0.013215859030837	0.00813008130081301	0
source_cancer_6_endothelial	0.00253164556962025	0.0137614678899083	0.0087719298245614	0
source_cancer_7_endothelial	0.00510204081632653	0.0138888888888889	0.00892857142857143	0
source_cancer_8_endothelial	0.0025974025974026	0.00956937799043062	0.00961538461538462	0
source_cancer_9_endothelial	0	0.0133928571428571	0.00833333333333333	0
source_cancer_23_endothelial	0.00475059382422803	0.00813008130081301	0.00709219858156028	0
source_cancer_15_endothelial	0.00759493670886076	0.00904977375565611	0.00862068965517241	0
source_cancer_19_endothelial	0	0.00483091787439614	0.0099009900990099	0
source_cancer_0_T-cells	0.030379746835443	0.0497737556561086	0.0588235294117647	0.0163934426229508
source_cancer_1_T-cells	0.0261780104712042	0.0432692307692308	0.0673076923076923	0.0217391304347826
source_cancer_10_T-cells	0.0305343511450382	0.0502283105022831	0.0598290598290598	0.0169491525423729
source_cancer_11_T-cells	0.0330788804071247	0.0452488687782805	0.0593220338983051	0.0166666666666667
source_cancer_12_T-cells	0.030690537084399	0.0506912442396313	0.0608695652173913	0.0175438596491228
source_cancer_13_T-cells	0.0284974093264249	0.0471698113207547	0.0545454545454545	0.0196078431372549
source_cancer_14_T-cells	0.0229591836734694	0.0462962962962963	0.0526315789473684	0.0181818181818182
source_cancer_16_T-cells	0.0287206266318538	0.0528846153846154	0.0660377358490566	0.0208333333333333
source_cancer_18_T-cells	0.0208333333333333	0.0483091787439614	0.0571428571428571	0
source_cancer_2_T-cells	0.0257731958762887	0.0469483568075117	0.0636363636363636	0.0192307692307692
source_cancer_20_T-cells	0.0307692307692308	0.0509259259259259	0.0614035087719298	0.0178571428571429
source_cancer_21_T-cells	0.0263157894736842	0.0436893203883495	0.0686274509803922	0.0227272727272727
source_cancer_3_T-cells	0.0306122448979592	0.0504587155963303	0.0603448275862069	0.0172413793103448
source_cancer_4_T-cells	0.0281329923273657	0.0460829493087558	0.0521739130434783	0.0178571428571429
source_cancer_5_T-cells	0.0278481012658228	0.05	0.0593220338983051	0.0166666666666667
source_cancer_6_T-cells	0.0283505154639175	0.0516431924882629	0.0630630630630631	0.0188679245283019
source_cancer_7_T-cells	0.0334190231362468	0.0509259259259259	0.0614035087719298	0.0178571428571429
source_cancer_8_T-cells	0.0236842105263158	0.0439024390243902	0.0588235294117647	0.0232558139534884
source_cancer_9_T-cells	0.0281329923273657	0.0509259259259259	0.0614035087719298	0.0178571428571429
source_cancer_17_T-cells	0.0283505154639175	0.0418604651162791	0.0630630630630631	0.0188679245283019
source_cancer_22_T-cells	0.0212201591511936	0.0396039603960396	0.0505050505050505	0.0256410256410256
source_cancer_23_T-cells	0.025	0.0444444444444444	0.0573770491803279	0.015625
source_cancer_15_T-cells	0.0332480818414322	0.045662100456621	0.0603448275862069	0.0172413793103448
source_cancer_19_T-cells	0.0188172043010753	0.0355329949238579	0.0652173913043478	0.0303030303030303
source_cancer_0_ionocyte	0.00503778337531486	0.0135746606334842	0.00854700854700855	0
source_cancer_14_ionocyte	0.0050125313283208	0.0134529147982063	0.00840336134453781	0
source_cancer_23_ionocyte	0.00498753117206983	0.0133333333333333	0.00826446280991736	0
source_cancer_18_ionocyte	0.005	0.0133928571428571	0.00833333333333333	0
source_cancer_6_ionocyte	0.00256410256410256	0.0140845070422535	0.00917431192660551	0
source_cancer_11_ionocyte	0.0077319587628866	0.00934579439252336	0.00917431192660551	0
source_cancer_21_ionocyte	0.00264550264550265	0.0099009900990099	0.0103092783505155	0
source_cancer_22_ionocyte	0.00260416666666667	0.0144927536231884	0.00970873786407767	0
source_cancer_3_ionocyte	0.00518134715025907	0.0142857142857143	0.00943396226415094	0
source_cancer_4_ionocyte	0.00515463917525773	0.0141509433962264	0.00925925925925926	0
source_cancer_9_ionocyte	0.00254452926208651	0.0138888888888889	0.00892857142857143	0
source_cancer_10_ionocyte	0.0076530612244898	0.0185185185185185	0.00884955752212389	0
source_cancer_12_ionocyte	0.010230179028133	0.0185185185185185	0.00884955752212389	0
source_cancer_13_ionocyte	0.00779220779220779	0.0142857142857143	0.00943396226415094	0
source_cancer_15_ionocyte	0.0103092783505155	0.0187793427230047	0.00909090909090909	0
source_cancer_16_ionocyte	0.00523560209424084	0.0145631067961165	0.00980392156862745	0
source_cancer_17_ionocyte	0.00519480519480519	0.0143540669856459	0.00952380952380952	0
source_cancer_2_ionocyte	0.00767263427109974	0.0186046511627907	0.00892857142857143	0
source_cancer_20_ionocyte	0.00503778337531486	0.0135746606334842	0.00854700854700855	0
source_cancer_5_ionocyte	0.00761421319796954	0.018348623853211	0.00869565217391304	0
source_cancer_19_ionocyte	0.0026525198938992	0.00995024875621891	0.0104166666666667	0
source_cancer_7_ionocyte	0.0104712041884817	0.0193236714975845	0.00961538461538462	0
source_cancer_1_ionocyte	0.00268096514745308	0.0101522842639594	0.0108695652173913	0
source_cancer_8_ionocyte	0.00527704485488127	0.00980392156862745	0.0101010101010101	0
source_cancer_10_melanocytes	0.0051413881748072	0.0140845070422535	0.00917431192660551	0
source_cancer_18_melanocytes	0.00515463917525773	0.0141509433962264	0.00925925925925926	0
source_cancer_19_melanocytes	0.00263852242744063	0.00985221674876847	0.0102040816326531	0
source_cancer_20_melanocytes	0.00512820512820513	0.014018691588785	0.00909090909090909	0
source_cancer_5_melanocytes	0.0051150895140665	0.013953488372093	0.00900900900900901	0
source_cancer_0_melanocytes	0.0051150895140665	0.013953488372093	0.00900900900900901	0
source_cancer_14_melanocytes	0.00508905852417303	0.0138248847926267	0.00884955752212389	0
source_cancer_23_melanocytes	0.0050761421319797	0.0137614678899083	0.0087719298245614	0
source_cancer_17_melanocytes	0.00522193211488251	0.0144927536231884	0.00970873786407767	0
source_cancer_3_melanocytes	0.00520833333333333	0.0144230769230769	0.00961538461538462	0
source_cancer_4_melanocytes	0.00516795865633075	0.014218009478673	0.00934579439252336	0
source_cancer_11_melanocytes	0.0077720207253886	0.00943396226415094	0.00934579439252336	0
source_cancer_2_melanocytes	0.00516795865633075	0.014218009478673	0.00934579439252336	0
source_cancer_9_melanocytes	0.0025706940874036	0.0141509433962264	0.00925925925925926	0
source_cancer_15_melanocytes	0.00775193798449612	0.0141509433962264	0.00925925925925926	0
source_cancer_16_melanocytes	0.00529100529100529	0.0148514851485149	0.0102040816326531	0
source_cancer_13_melanocytes	0.0078740157480315	0.0145631067961165	0.00980392156862745	0
source_cancer_21_melanocytes	0.00267379679144385	0.0101010101010101	0.010752688172043	0
source_cancer_1_melanocytes	0.00269541778975741	0.0102564102564103	0.0111111111111111	0
source_cancer_12_melanocytes	0.0077720207253886	0.014218009478673	0.00934579439252336	0
source_cancer_22_melanocytes	0.0026525198938992	0.015	0.0104166666666667	0
source_cancer_6_melanocytes	0.00259067357512953	0.0143540669856459	0.00952380952380952	0
source_cancer_7_melanocytes	0.00789473684210526	0.0146341463414634	0.0099009900990099	0
source_cancer_8_melanocytes	0.00527704485488127	0.00980392156862745	0.0101010101010101	0
source_cancer_20_basal_cell	0.0100502512562814	0.0133928571428571	0.00833333333333333	0
source_cancer_0_basal_cell	0.00757575757575758	0.0135746606334842	0.00854700854700855	0
source_cancer_12_basal_cell	0.0125944584382872	0.0179372197309417	0.00833333333333333	0
source_cancer_14_basal_cell	0.0075187969924812	0.0133928571428571	0.00833333333333333	0
source_cancer_15_basal_cell	0.0127551020408163	0.018348623853211	0.00869565217391304	0
source_cancer_16_basal_cell	0.00783289817232376	0.0144230769230769	0.00961538461538462	0
source_cancer_17_basal_cell	0.0102564102564103	0.0138888888888889	0.00892857142857143	0
source_cancer_18_basal_cell	0.00761421319796954	0.0136986301369863	0.00869565217391304	0
source_cancer_2_basal_cell	0.0101781170483461	0.018348623853211	0.00869565217391304	0
source_cancer_23_basal_cell	0.00746268656716418	0.013215859030837	0.00813008130081301	0
source_cancer_3_basal_cell	0.00775193798449612	0.0141509433962264	0.00925925925925926	0
source_cancer_4_basal_cell	0.0077120822622108	0.014018691588785	0.00909090909090909	0
source_cancer_10_basal_cell	0.0101522842639594	0.0182648401826484	0.00862068965517241	0
source_cancer_13_basal_cell	0.0103626943005181	0.0141509433962264	0.00925925925925926	0
source_cancer_5_basal_cell	0.0101522842639594	0.0182648401826484	0.00862068965517241	0
source_cancer_6_basal_cell	0.00516795865633075	0.014218009478673	0.00934579439252336	0
source_cancer_7_basal_cell	0.0129198966408269	0.0187793427230047	0.00909090909090909	0
source_cancer_9_basal_cell	0.0051150895140665	0.013953488372093	0.00900900900900901	0
source_cancer_1_basal_cell	0.00537634408602151	0.0101522842639594	0.0108695652173913	0
source_cancer_21_basal_cell	0.00265957446808511	0.01	0.0105263157894737	0
source_cancer_22_basal_cell	0.00522193211488251	0.0144927536231884	0.00970873786407767	0
source_cancer_11_basal_cell	0.0103626943005181	0.00938967136150235	0.00925925925925926	0
source_cancer_19_basal_cell	0.00269541778975741	0.0102564102564103	0.0111111111111111	0
source_cancer_8_basal_cell	0.00797872340425532	0.0099009900990099	0.0103092783505155	0
source_cancer_17_ciliated_cell	0.00268817204301075	0.0102040816326531	0.010989010989011	0
source_cancer_3_ciliated_cell	0.00268096514745308	0.0101522842639594	0.0108695652173913	0
source_cancer_4_ciliated_cell	0.00268817204301075	0.0102040816326531	0.010989010989011	0
source_cancer_5_ciliated_cell	0.00263852242744063	0.00985221674876847	0.0102040816326531	0
source_cancer_0_ciliated_cell	0.00263852242744063	0.00985221674876847	0.0102040816326531	0
source_cancer_14_ciliated_cell	0.00263852242744063	0.00985221674876847	0.0102040816326531	0
source_cancer_23_ciliated_cell	0.00261780104712042	0.00970873786407767	0.0099009900990099	0
source_cancer_11_ciliated_cell	0.00520833333333333	0.00956937799043062	0.00961538461538462	0
source_cancer_19_ciliated_cell	0.00269541778975741	0.0102564102564103	0.0111111111111111	0
source_cancer_13_ciliated_cell	0.00533333333333333	0.01	0.0105263157894737	0
source_cancer_15_ciliated_cell	0.00533333333333333	0.01	0.0105263157894737	0
source_cancer_16_ciliated_cell	0.00268817204301075	0.0102040816326531	0.010989010989011	0
source_cancer_18_ciliated_cell	0.00263852242744063	0.00985221674876847	0.0102040816326531	0
source_cancer_2_ciliated_cell	0.0026525198938992	0.00995024875621891	0.0104166666666667	0
source_cancer_20_ciliated_cell	0.00264550264550265	0.0099009900990099	0.0103092783505155	0
source_cancer_21_ciliated_cell	0.0027027027027027	0.0103092783505155	0.0112359550561798	0
source_cancer_10_ciliated_cell	0.00263157894736842	0.00980392156862745	0.0101010101010101	0
source_cancer_12_ciliated_cell	0.00530503978779841	0.0099009900990099	0.0103092783505155	0
source_cancer_1_ciliated_cell	0.0027027027027027	0.0103092783505155	0.0112359550561798	0
source_cancer_22_ciliated_cell	0.00269541778975741	0.0102564102564103	0.0111111111111111	0
source_cancer_6_ciliated_cell	0.00265957446808511	0.01	0.0105263157894737	0
source_cancer_7_ciliated_cell	0.00533333333333333	0.01	0.0105263157894737	0
source_cancer_8_ciliated_cell	0.00266666666666667	0.0100502512562814	0.0106382978723404	0
source_cancer_9_ciliated_cell	0.00265957446808511	0.01	0.0105263157894737	0
source_cancer_11_hepatocyte	0.010498687664042	0.0144927536231884	0.00970873786407767	0
source_cancer_19_hepatocyte	0.00269541778975741	0.0102564102564103	0.0111111111111111	0
source_cancer_2_hepatocyte	0.00783289817232376	0.0193236714975845	0.00961538461538462	0
source_cancer_20_hepatocyte	0.00785340314136126	0.0144927536231884	0.00970873786407767	0
source_cancer_9_hepatocyte	0.00522193211488251	0.0194174757281553	0.00970873786407767	0
source_cancer_12_hepatocyte	0.0104166666666667	0.0191387559808612	0.00943396226415094	0
source_cancer_0_hepatocyte	0.00779220779220779	0.0191387559808612	0.00943396226415094	0
source_cancer_10_hepatocyte	0.00783289817232376	0.0144230769230769	0.00961538461538462	0
source_cancer_14_hepatocyte	0.0077720207253886	0.019047619047619	0.00934579439252336	0
source_cancer_5_hepatocyte	0.0078125	0.0143540669856459	0.00952380952380952	0
source_cancer_22_hepatocyte	0.0053475935828877	0.0151515151515152	0.0106382978723404	0
source_cancer_15_hepatocyte	0.0105263157894737	0.0145631067961165	0.00980392156862745	0
source_cancer_16_hepatocyte	0.00797872340425532	0.0149253731343284	0.0103092783505155	0
source_cancer_17_hepatocyte	0.00802139037433155	0.0150753768844221	0.0105263157894737	0
source_cancer_3_hepatocyte	0.00795755968169761	0.0148514851485149	0.0102040816326531	0
source_cancer_4_hepatocyte	0.00793650793650794	0.0147783251231527	0.0101010101010101	0
source_cancer_23_hepatocyte	0.0078740157480315	0.0145631067961165	0.00980392156862745	0
source_cancer_13_hepatocyte	0.0106100795755968	0.0198019801980198	0.0101010101010101	0
source_cancer_18_hepatocyte	0.0078740157480315	0.0145631067961165	0.00980392156862745	0
source_cancer_21_hepatocyte	0.00537634408602151	0.0153061224489796	0.0108695652173913	0
source_cancer_1_hepatocyte	0.00537634408602151	0.0153061224489796	0.0108695652173913	0
source_cancer_6_hepatocyte	0.00529100529100529	0.0148514851485149	0.0102040816326531	0
source_cancer_7_hepatocyte	0.0106666666666667	0.0149253731343284	0.0103092783505155	0
source_cancer_8_hepatocyte	0.00797872340425532	0.0149253731343284	0.0103092783505155	0
source_cancer_11_neuro_e_cell	0.00537634408602151	0.0101522842639594	0.0108695652173913	0
source_cancer_19_neuro_e_cell	0.00268096514745308	0.0101522842639594	0.0108695652173913	0
source_cancer_0_neuro_e_cell	0.00537634408602151	0.0101522842639594	0.0108695652173913	0
source_cancer_10_neuro_e_cell	0.00540540540540541	0.0102564102564103	0.0111111111111111	0
source_cancer_12_neuro_e_cell	0.00539083557951483	0.0102040816326531	0.010989010989011	0
source_cancer_13_neuro_e_cell	0.00540540540540541	0.0102564102564103	0.0111111111111111	0
source_cancer_14_neuro_e_cell	0.00537634408602151	0.0101522842639594	0.0108695652173913	0
source_cancer_15_neuro_e_cell	0.0027027027027027	0.0103092783505155	0.0112359550561798	0
source_cancer_16_neuro_e_cell	0.00540540540540541	0.0102564102564103	0.0111111111111111	0
source_cancer_17_neuro_e_cell	0.00537634408602151	0.0101522842639594	0.0108695652173913	0
source_cancer_18_neuro_e_cell	0.00537634408602151	0.0101522842639594	0.0108695652173913	0
source_cancer_2_neuro_e_cell	0.00537634408602151	0.0101522842639594	0.0108695652173913	0
source_cancer_20_neuro_e_cell	0.00539083557951483	0.0102040816326531	0.010989010989011	0
source_cancer_21_neuro_e_cell	0.00272479564032698	0.00520833333333333	0	0
source_cancer_22_neuro_e_cell	0.002710027100271	0.00515463917525773	0	0
source_cancer_23_neuro_e_cell	0.00537634408602151	0.0101522842639594	0.0108695652173913	0
source_cancer_3_neuro_e_cell	0.00540540540540541	0.0102564102564103	0.0111111111111111	0
source_cancer_4_neuro_e_cell	0.00269541778975741	0.0102564102564103	0.0111111111111111	0
source_cancer_5_neuro_e_cell	0.00539083557951483	0.0102040816326531	0.010989010989011	0
source_cancer_6_neuro_e_cell	0.00268817204301075	0.0102040816326531	0.010989010989011	0
source_cancer_7_neuro_e_cell	0.0027027027027027	0.0103092783505155	0.0112359550561798	0
source_cancer_9_neuro_e_cell	0.00537634408602151	0.0101522842639594	0.0108695652173913	0
source_cancer_1_neuro_e_cell	0.00272479564032698	0.00520833333333333	0	0
source_cancer_8_neuro_e_cell	0.002710027100271	0.00515463917525773	0	0
source_cancer_11_Neutrophils	0.0106382978723404	0.00985221674876847	0	0
source_cancer_19_Neutrophils	0	0	0	0
source_cancer_10_Neutrophils	0.00793650793650794	0.00980392156862745	0	0
source_cancer_12_Neutrophils	0.0104166666666667	0.0142857142857143	0	0
source_cancer_14_Neutrophils	0.00775193798449612	0.0141509433962264	0	0
source_cancer_15_Neutrophils	0.0079155672823219	0.00975609756097561	0	0
source_cancer_16_Neutrophils	0.00804289544235925	0.0100502512562814	0	0
source_cancer_17_Neutrophils	0.00797872340425532	0.0099009900990099	0	0
source_cancer_2_Neutrophils	0.00783289817232376	0.0144230769230769	0	0
source_cancer_20_Neutrophils	0.00793650793650794	0.00980392156862745	0	0
source_cancer_21_Neutrophils	0.00536193029490617	0.0101010101010101	0	0
source_cancer_22_Neutrophils	0.00539083557951483	0.0102040816326531	0	0
source_cancer_3_Neutrophils	0.00797872340425532	0.0099009900990099	0	0
source_cancer_4_Neutrophils	0.00795755968169761	0.00985221674876847	0	0
source_cancer_5_Neutrophils	0.0078740157480315	0.00966183574879227	0	0
source_cancer_7_Neutrophils	0.0106382978723404	0.00985221674876847	0	0
source_cancer_9_Neutrophils	0.00529100529100529	0.0148514851485149	0	0
source_cancer_0_Neutrophils	0.00783289817232376	0.0144230769230769	0	0
source_cancer_13_Neutrophils	0.0106382978723404	0.0148514851485149	0	0
source_cancer_18_Neutrophils	0.00804289544235925	0.0100502512562814	0	0
source_cancer_23_Neutrophils	0.00783289817232376	0.00956937799043062	0	0
source_cancer_6_Neutrophils	0.00531914893617021	0.00995024875621891	0	0
source_cancer_8_Neutrophils	0.00806451612903226	0.0101010101010101	0	0
source_cancer_1_Neutrophils	0.00269541778975741	0.00510204081632653	0	0
source_cancer_2_B-cells-PB	0.00779220779220779	0.0142857142857143	0.00943396226415094	0.0238095238095238
source_cancer_20_B-cells-PB	0.0102564102564103	0.0138888888888889	0.00892857142857143	0.0208333333333333
source_cancer_9_B-cells-PB	0.00520833333333333	0.0144230769230769	0.00961538461538462	0.025
source_cancer_22_B-cells-PB	0.00530503978779841	0.0149253731343284	0.0103092783505155	0.0303030303030303
source_cancer_0_B-cells-PB	0.00775193798449612	0.0141509433962264	0.00925925925925926	0.0227272727272727
source_cancer_10_B-cells-PB	0.00775193798449612	0.0141509433962264	0.00925925925925926	0.0227272727272727
source_cancer_14_B-cells-PB	0.0076530612244898	0.0138248847926267	0.00884955752212389	0.0204081632653061
source_cancer_5_B-cells-PB	0.0077319587628866	0.0140845070422535	0.00917431192660551	0.0222222222222222
source_cancer_1_B-cells-PB	0.00536193029490617	0.0101010101010101	0.010752688172043	0.0344827586206897
source_cancer_11_B-cells-PB	0.010443864229765	0.00952380952380952	0.00952380952380952	0.024390243902439
source_cancer_12_B-cells-PB	0.0103359173126615	0.0140845070422535	0.00917431192660551	0.0222222222222222
source_cancer_15_B-cells-PB	0.0103626943005181	0.0141509433962264	0.00925925925925926	0.0227272727272727
source_cancer_18_B-cells-PB	0.00518134715025907	0.0142857142857143	0.00943396226415094	0
source_cancer_23_B-cells-PB	0.00763358778625954	0.0137614678899083	0.0087719298245614	0.02
source_cancer_6_B-cells-PB	0.00520833333333333	0.0144230769230769	0.00961538461538462	0.025
source_cancer_7_B-cells-PB	0.010498687664042	0.0144927536231884	0.00970873786407767	0.0256410256410256
source_cancer_3_B-cells-PB	0.0079155672823219	0.0147058823529412	0.01	0.0277777777777778
source_cancer_4_B-cells-PB	0.00789473684210526	0.0146341463414634	0.0099009900990099	0.027027027027027
source_cancer_16_B-cells-PB	0.00795755968169761	0.0148514851485149	0.0102040816326531	0.0294117647058824
source_cancer_17_B-cells-PB	0.0105263157894737	0.0145631067961165	0.00980392156862745	0.0263157894736842
source_cancer_13_B-cells-PB	0.0105263157894737	0.0145631067961165	0.00980392156862745	0.0263157894736842
source_cancer_21_B-cells-PB	0.00533333333333333	0.01	0.0105263157894737	0.032258064516129
source_cancer_8_B-cells-PB	0.00795755968169761	0.00985221674876847	0.0102040816326531	0.0294117647058824
source_cancer_19_B-cells-PB	0.00536193029490617	0.0101010101010101	0.010752688172043	0.0344827586206897
source_cancer_2_Mast-cells	0.00785340314136126	0.0194174757281553	0.00970873786407767	0
source_cancer_20_Mast-cells	0.0079155672823219	0.0197044334975369	0.01	0
source_cancer_9_Mast-cells	0.00523560209424084	0.0195121951219512	0.00980392156862745	0
source_cancer_0_Mast-cells	0.00783289817232376	0.0193236714975845	0.00961538461538462	0
source_cancer_10_Mast-cells	0.00795755968169761	0.0199004975124378	0.0102040816326531	0
source_cancer_14_Mast-cells	0.0077720207253886	0.019047619047619	0.00934579439252336	0
source_cancer_5_Mast-cells	0.0078125	0.0192307692307692	0.00952380952380952	0
source_cancer_11_Mast-cells	0.0105540897097625	0.0146341463414634	0.0099009900990099	0
source_cancer_22_Mast-cells	0.00531914893617021	0.015	0	0
source_cancer_18_Mast-cells	0.0079155672823219	0.0197044334975369	0.01	0
source_cancer_15_Mast-cells	0.0106100795755968	0.0198019801980198	0.0101010101010101	0
source_cancer_16_Mast-cells	0.00802139037433155	0.0202020202020202	0.0105263157894737	0
source_cancer_17_Mast-cells	0.008	0.0201005025125628	0.0104166666666667	0
source_cancer_23_Mast-cells	0.00779220779220779	0.0191387559808612	0.00943396226415094	0
source_cancer_3_Mast-cells	0.00795755968169761	0.0199004975124378	0.0102040816326531	0
source_cancer_4_Mast-cells	0.0079155672823219	0.0197044334975369	0.01	0
source_cancer_7_Mast-cells	0.0106100795755968	0.0198019801980198	0.0101010101010101	0
source_cancer_1_Mast-cells	0.00268817204301075	0.0102040816326531	0.010989010989011	0
source_cancer_12_Mast-cells	0.010498687664042	0.0194174757281553	0.00970873786407767	0
source_cancer_13_Mast-cells	0.0105820105820106	0.0197044334975369	0.01	0
source_cancer_19_Mast-cells	0.00269541778975741	0.0102564102564103	0.0111111111111111	0
source_cancer_21_Mast-cells	0.00536193029490617	0.0152284263959391	0.010752688172043	0
source_cancer_6_Mast-cells	0.00527704485488127	0.0198019801980198	0.0101010101010101	0
source_cancer_8_Mast-cells	0.00802139037433155	0.01	0	0
source_cancer_0_stroma	0.00520833333333333	0.0144230769230769	0.00961538461538462	0
source_cancer_10_stroma	0.00526315789473684	0.0147058823529412	0.01	0
source_cancer_14_stroma	0.00519480519480519	0.0143540669856459	0.00952380952380952	0
source_cancer_20_stroma	0.00785340314136126	0.0144927536231884	0.00970873786407767	0
source_cancer_5_stroma	0.00522193211488251	0.0144927536231884	0.00970873786407767	0
source_cancer_11_stroma	0.0079155672823219	0.00975609756097561	0.01	0
source_cancer_22_stroma	0.00266666666666667	0.0151515151515152	0.0106382978723404	0
source_cancer_15_stroma	0.0078740157480315	0.0145631067961165	0.00980392156862745	0
source_cancer_16_stroma	0.00529100529100529	0.0148514851485149	0.0102040816326531	0
source_cancer_17_stroma	0.0079155672823219	0.0147058823529412	0.01	0
source_cancer_23_stroma	0.00515463917525773	0.0141509433962264	0.00925925925925926	0
source_cancer_3_stroma	0.00529100529100529	0.0148514851485149	0.0102040816326531	0
source_cancer_4_stroma	0.00529100529100529	0.0148514851485149	0.0102040816326531	0
source_cancer_12_stroma	0.00785340314136126	0.0144927536231884	0.00970873786407767	0
source_cancer_13_stroma	0.0079155672823219	0.0147058823529412	0.01	0
source_cancer_18_stroma	0.00523560209424084	0.0145631067961165	0.00980392156862745	0
source_cancer_1_stroma	0.00268817204301075	0.0102040816326531	0.010989010989011	0
source_cancer_19_stroma	0.0027027027027027	0.0103092783505155	0.0112359550561798	0
source_cancer_2_stroma	0.00523560209424084	0.0145631067961165	0.00980392156862745	0
source_cancer_21_stroma	0.00269541778975741	0.0102564102564103	0.0111111111111111	0
source_cancer_6_stroma	0.00263852242744063	0.0148514851485149	0.0102040816326531	0
source_cancer_7_stroma	0.00789473684210526	0.0146341463414634	0.0099009900990099	0
source_cancer_8_stroma	0.00531914893617021	0.00995024875621891	0.0104166666666667	0
source_cancer_9_stroma	0.0026246719160105	0.0147058823529412	0.01	0
