clone_1	clone_2	clone_3	clone_4	clone_5	clone_6	clone_7	clone_8	clone_9	clone_10	clone_11
target_cancer_0_cancer	0	0	0.0032258064516129	0.00753768844221105	0	0	0	0	0.00869565217391304	0.0176991150442478	0
target_cancer_12_cancer	0	0	0.00328947368421053	0.0076530612244898	0	0	0	0	0.00917431192660551	0.0186915887850467	0
target_cancer_14_cancer	0	0	0.00316455696202532	0.00742574257425743	0	0	0	0	0.00826446280991736	0.0168067226890756	0
target_cancer_18_cancer	0	0	0.00315457413249211	0.00740740740740741	0	0	0	0	0.00819672131147541	0.0166666666666667	0
target_cancer_23_cancer	0	0	0.00285714285714286	0.00684931506849315	0	0	0	0	0.00645161290322581	0.0130718954248366	0
target_cancer_9_cancer	0	0	0.00338983050847458	0.00783289817232376	0	0	0	0	0.01	0.0204081632653061	0
target_cancer_10_cancer	0	0	0.00320512820512821	0.0075	0	0	0	0	0.00854700854700855	0.0173913043478261	0
target_cancer_11_cancer	0	0	0.00333333333333333	0.0077319587628866	0	0	0	0	0.00952380952380952	0.0194174757281553	0
target_cancer_15_cancer	0	0	0.00335570469798658	0.0077720207253886	0	0	0	0	0	0.00980392156862745	0
target_cancer_2_cancer	0	0	0.00326797385620915	0.00761421319796954	0	0	0	0	0.00900900900900901	0.018348623853211	0
target_cancer_20_cancer	0	0	0.00301204819277108	0.00714285714285714	0	0	0	0	0.0072992700729927	0.0148148148148148	0
target_cancer_5_cancer	0	0	0.00325732899022801	0.00759493670886076	0	0	0	0	0.00892857142857143	0.0181818181818182	0
target_cancer_1_cancer	0	0	0	0.00546448087431694	0	0	0	0	0.0121951219512195	0.025	0
target_cancer_17_cancer	0	0	0	0.0051150895140665	0	0	0	0	0.00934579439252336	0.019047619047619	0
target_cancer_13_cancer	0	0	0.00328947368421053	0.0076530612244898	0	0	0	0	0.00917431192660551	0.0186915887850467	0
target_cancer_6_cancer	0	0	0.0034965034965035	0.00802139037433155	0	0	0	0	0.010989010989011	0.0224719101123595	0
target_cancer_22_cancer	0	0	0.00353356890459364	0.00808625336927224	0	0	0	0	0.0113636363636364	0.0232558139534884	0
target_cancer_21_cancer	0	0	0.003584229390681	0.00817438692098093	0	0	0	0	0.0119047619047619	0.024390243902439	0
target_cancer_4_cancer	0	0	0	0.00523560209424084	0	0	0	0	0.0102040816326531	0.0208333333333333	0
target_cancer_3_cancer	0	0	0	0.00530503978779841	0	0	0	0	0	0.0108695652173913	0
target_cancer_7_cancer	0	0	0.00346020761245675	0.00795755968169761	0	0	0	0	0	0.010752688172043	0
target_cancer_19_cancer	0	0	0	0.00584795321637427	0	0	0	0	0	0.0175438596491228	0
target_cancer_16_cancer	0	0	0.0036101083032491	0.00821917808219178	0	0	0	0	0	0.0123456790123457	0
target_cancer_8_cancer	0	0	0.00377358490566038	0.00564971751412429	0	0	0	0	0.0142857142857143	0.0294117647058824	0
target_cancer_0_B-cells-M	0	0	0	0	0	0	0	0	0	0	0
target_cancer_12_B-cells-M	0	0	0	0	0	0	0	0	0	0	0
target_cancer_14_B-cells-M	0	0	0.0040650406504065	0.00297619047619048	0	0	0	0	0	0	0
target_cancer_18_B-cells-M	0	0	0.004149377593361	0.00302114803625378	0	0	0	0	0	0	0
target_cancer_23_B-cells-M	0	0	0	0	0	0	0	0	0	0	0
target_cancer_9_B-cells-M	0	0	0.00418410041841004	0.00303951367781155	0	0	0	0	0	0	0
target_cancer_10_B-cells-M	0	0	0.00416666666666667	0.00303030303030303	0	0	0	0	0	0	0
target_cancer_11_B-cells-M	0	0	0.00420168067226891	0.00304878048780488	0	0	0	0	0	0	0
target_cancer_15_B-cells-M	0	0	0.00420168067226891	0.00304878048780488	0	0	0	0	0	0	0
target_cancer_2_B-cells-M	0	0	0.00416666666666667	0.00303030303030303	0	0	0	0	0	0	0
target_cancer_20_B-cells-M	0	0	0	0	0	0	0	0	0	0	0
target_cancer_5_B-cells-M	0	0	0.00420168067226891	0.00304878048780488	0	0	0	0	0	0	0
target_cancer_13_B-cells-M	0	0	0	0	0	0	0	0	0	0	0
target_cancer_16_B-cells-M	0	0	0	0	0	0	0	0	0	0	0
target_cancer_17_B-cells-M	0	0	0	0	0	0	0	0	0	0	0
target_cancer_3_B-cells-M	0	0	0	0	0	0	0	0	0	0	0
target_cancer_4_B-cells-M	0	0	0	0	0	0	0	0	0	0	0
target_cancer_6_B-cells-M	0	0	0.00425531914893617	0.00307692307692308	0	0	0	0	0	0	0
target_cancer_7_B-cells-M	0	0	0	0	0	0	0	0	0	0	0
target_cancer_8_B-cells-M	0	0	0	0	0	0	0	0	0	0	0
target_cancer_1_B-cells-M	0	0	0	0	0	0	0	0	0	0	0
target_cancer_21_B-cells-M	0	0	0	0	0	0	0	0	0	0	0
target_cancer_22_B-cells-M	0	0	0	0	0	0	0	0	0	0	0
target_cancer_0_B-cells-PB	0	0	0	0	0	0	0	0	0	0	0
target_cancer_12_B-cells-PB	0	0	0	0	0	0	0	0	0	0	0
target_cancer_14_B-cells-PB	0	0	0	0	0	0	0	0	0	0	0
target_cancer_18_B-cells-PB	0	0	0	0	0	0	0	0	0	0	0
target_cancer_23_B-cells-PB	0	0	0	0	0	0	0	0	0	0	0
target_cancer_9_B-cells-PB	0	0	0	0	0	0	0	0	0	0	0
target_cancer_10_B-cells-PB	0	0	0	0	0	0	0	0	0	0	0
target_cancer_11_B-cells-PB	0	0	0	0	0	0	0	0	0	0	0
target_cancer_15_B-cells-PB	0	0	0	0	0	0	0	0	0	0	0
target_cancer_2_B-cells-PB	0	0	0	0	0	0	0	0	0	0	0
target_cancer_20_B-cells-PB	0	0	0	0	0	0	0	0	0	0	0
target_cancer_5_B-cells-PB	0	0	0	0	0	0	0	0	0	0	0
target_cancer_22_B-cells-PB	0	0	0	0	0	0	0	0	0	0	0
target_cancer_4_B-cells-PB	0	0	0	0	0	0	0	0	0	0	0
target_cancer_6_B-cells-PB	0	0	0	0	0	0	0	0	0	0	0
target_cancer_1_B-cells-PB	0	0	0	0	0	0	0	0	0	0	0
target_cancer_17_B-cells-PB	0	0	0	0	0	0	0	0	0	0	0
target_cancer_13_B-cells-PB	0	0	0	0	0	0	0	0	0	0	0
target_cancer_3_B-cells-PB	0	0	0	0	0	0	0	0	0	0	0
target_cancer_7_B-cells-PB	0	0	0	0	0	0	0	0	0	0	0
target_cancer_16_B-cells-PB	0	0	0	0	0	0	0	0	0	0	0
target_cancer_8_B-cells-PB	0	0	0	0	0	0	0	0	0	0	0
target_cancer_19_B-cells-PB	0	0	0	0	0	0	0	0	0	0	0
target_cancer_21_B-cells-PB	0	0	0	0	0	0	0	0	0	0	0
target_cancer_0_Dendritic	0	0	0.00381679389312977	0.0056980056980057	0	0	0	0	0.0149253731343284	0.0151515151515152	0
target_cancer_12_Dendritic	0	0	0.00392156862745098	0.00581395348837209	0	0	0	0	0.0166666666666667	0.0169491525423729	0
target_cancer_14_Dendritic	0	0	0.00378787878787879	0.0056657223796034	0	0	0	0	0.0144927536231884	0.0147058823529412	0
target_cancer_18_Dendritic	0	0	0.00380228136882129	0.00568181818181818	0	0	0	0	0.0147058823529412	0.0149253731343284	0
target_cancer_23_Dendritic	0	0	0.00363636363636364	0.00549450549450549	0	0	0	0	0.0125	0.0126582278481013	0
target_cancer_9_Dendritic	0	0	0.00395256916996047	0.00584795321637427	0	0	0	0	0.0172413793103448	0.0175438596491228	0
target_cancer_10_Dendritic	0	0	0.00383141762452107	0.00571428571428571	0	0	0	0	0.0151515151515152	0.0153846153846154	0
target_cancer_11_Dendritic	0	0	0.00401606425702811	0.00591715976331361	0	0	0	0	0.0185185185185185	0.0188679245283019	0
target_cancer_15_Dendritic	0	0	0.00393700787401575	0.00583090379008746	0	0	0	0	0.0169491525423729	0.0172413793103448	0
target_cancer_2_Dendritic	0	0	0.00389105058365759	0.00578034682080925	0	0	0	0	0.0161290322580645	0.0163934426229508	0
target_cancer_20_Dendritic	0	0	0.00374531835205993	0.00561797752808989	0	0	0	0	0.0138888888888889	0.0140845070422535	0
target_cancer_5_Dendritic	0	0	0.00387596899224806	0.00576368876080692	0	0	0	0	0.0158730158730159	0.0161290322580645	0
target_cancer_13_Dendritic	0	0	0.00389105058365759	0.00578034682080925	0	0	0	0	0.0161290322580645	0.0163934426229508	0
target_cancer_16_Dendritic	0	0	0.004149377593361	0.00606060606060606	0	0	0	0	0.0217391304347826	0.0222222222222222	0
target_cancer_17_Dendritic	0	0	0	0.00294985250737463	0	0	0	0	0.0185185185185185	0.0188679245283019	0
target_cancer_3_Dendritic	0	0	0.00401606425702811	0.00591715976331361	0	0	0	0	0.0185185185185185	0.0188679245283019	0
target_cancer_4_Dendritic	0	0	0	0.0029585798816568	0	0	0	0	0.0188679245283019	0.0192307692307692	0
target_cancer_6_Dendritic	0	0	0.0040650406504065	0.00597014925373134	0	0	0	0	0.0196078431372549	0.02	0
target_cancer_7_Dendritic	0	0	0.00403225806451613	0.00593471810089021	0	0	0	0	0.0188679245283019	0.0192307692307692	0
target_cancer_8_Dendritic	0	0	0.00416666666666667	0.00303030303030303	0	0	0	0	0.0222222222222222	0.0227272727272727	0
target_cancer_21_Dendritic	0	0	0.00398406374501992	0.00588235294117647	0	0	0	0	0	0	0
target_cancer_1_Dendritic	0	0	0	0.00304878048780488	0	0	0	0	0	0	0
target_cancer_22_Dendritic	0	0	0.00421940928270042	0.00613496932515337	0	0	0	0	0	0	0
target_cancer_19_Dendritic	0	0	0	0.00309597523219814	0	0	0	0	0	0	0
target_cancer_0_Mast-cells	0	0	0	0	0	0	0	0	0.0181818181818182	0.0185185185185185	0
target_cancer_12_Mast-cells	0	0	0	0	0	0	0	0	0	0	0
target_cancer_14_Mast-cells	0	0	0	0	0	0	0	0	0.0181818181818182	0.0185185185185185	0
target_cancer_18_Mast-cells	0	0	0	0	0	0	0	0	0.0178571428571429	0.0181818181818182	0
target_cancer_23_Mast-cells	0	0	0	0	0	0	0	0	0.0163934426229508	0.0166666666666667	0
target_cancer_9_Mast-cells	0	0	0	0	0	0	0	0	0.0196078431372549	0.02	0
target_cancer_10_Mast-cells	0	0	0	0	0	0	0	0	0.0196078431372549	0.02	0
target_cancer_11_Mast-cells	0	0	0	0	0	0	0	0	0.0212765957446809	0.0217391304347826	0
target_cancer_15_Mast-cells	0	0	0	0	0	0	0	0	0	0	0
target_cancer_2_Mast-cells	0	0	0	0	0	0	0	0	0.0192307692307692	0.0196078431372549	0
target_cancer_20_Mast-cells	0	0	0	0	0	0	0	0	0.0172413793103448	0.0175438596491228	0
target_cancer_5_Mast-cells	0	0	0	0	0	0	0	0	0	0	0
target_cancer_13_Mast-cells	0	0	0	0	0	0	0	0	0.0196078431372549	0.02	0
target_cancer_16_Mast-cells	0	0	0	0	0	0	0	0	0	0	0
target_cancer_17_Mast-cells	0	0	0	0	0	0	0	0	0	0	0
target_cancer_3_Mast-cells	0	0	0	0	0	0	0	0	0	0	0
target_cancer_4_Mast-cells	0	0	0	0	0	0	0	0	0	0	0
target_cancer_6_Mast-cells	0	0	0	0	0	0	0	0	0.0227272727272727	0.0232558139534884	0
target_cancer_7_Mast-cells	0	0	0	0	0	0	0	0	0	0	0
target_cancer_8_Mast-cells	0	0	0	0	0	0	0	0	0.025	0.0256410256410256	0
target_cancer_1_Mast-cells	0	0	0	0	0	0	0	0	0	0	0
target_cancer_19_Mast-cells	0	0	0	0	0	0	0	0	0	0	0
target_cancer_21_Mast-cells	0	0	0	0	0	0	0	0	0	0	0
target_cancer_22_Mast-cells	0	0	0	0	0	0	0	0	0	0	0
target_cancer_0_MF-Monocytes	0	0	0.0037037037037037	0.00557103064066852	0	0	0	0	0.0133333333333333	0.0135135135135135	0
target_cancer_12_MF-Monocytes	0	0	0.00377358490566038	0.00564971751412429	0	0	0	0	0.0142857142857143	0.0144927536231884	0
target_cancer_14_MF-Monocytes	0	0	0.00367647058823529	0.00554016620498615	0	0	0	0	0.012987012987013	0.0131578947368421	0
target_cancer_18_MF-Monocytes	0	0	0.00374531835205993	0.00561797752808989	0	0	0	0	0.0138888888888889	0.0140845070422535	0
target_cancer_23_MF-Monocytes	0	0	0.00350877192982456	0.0053475935828877	0	0	0	0	0.0111111111111111	0.0112359550561798	0
target_cancer_9_MF-Monocytes	0	0	0.00387596899224806	0.00576368876080692	0	0	0	0	0.0158730158730159	0.0161290322580645	0
target_cancer_10_MF-Monocytes	0	0	0.00374531835205993	0.00561797752808989	0	0	0	0	0.0138888888888889	0.0140845070422535	0
target_cancer_11_MF-Monocytes	0	0	0.00386100386100386	0.00574712643678161	0	0	0	0	0.015625	0.0158730158730159	0
target_cancer_15_MF-Monocytes	0	0	0.00380228136882129	0.00568181818181818	0	0	0	0	0.0147058823529412	0.0149253731343284	0
target_cancer_2_MF-Monocytes	0	0	0.00373134328358209	0.00560224089635854	0	0	0	0	0.0136986301369863	0.0138888888888889	0
target_cancer_20_MF-Monocytes	0	0	0.0036101083032491	0.00546448087431694	0	0	0	0	0.0121951219512195	0.0123456790123457	0
target_cancer_5_MF-Monocytes	0	0	0.00377358490566038	0.00564971751412429	0	0	0	0	0.0142857142857143	0.0144927536231884	0
target_cancer_13_MF-Monocytes	0	0	0.0037593984962406	0.00563380281690141	0	0	0	0	0.0140845070422535	0.0142857142857143	0
target_cancer_16_MF-Monocytes	0	0	0.00398406374501992	0.00588235294117647	0	0	0	0	0.0178571428571429	0.0181818181818182	0
target_cancer_17_MF-Monocytes	0	0	0	0.00289017341040462	0	0	0	0	0.0163934426229508	0.0166666666666667	0
target_cancer_3_MF-Monocytes	0	0	0.00387596899224806	0.00576368876080692	0	0	0	0	0.0158730158730159	0.0161290322580645	0
target_cancer_4_MF-Monocytes	0	0	0	0.0028735632183908	0	0	0	0	0.0158730158730159	0.0161290322580645	0
target_cancer_6_MF-Monocytes	0	0	0.00395256916996047	0.00584795321637427	0	0	0	0	0.0172413793103448	0.0175438596491228	0
target_cancer_7_MF-Monocytes	0	0	0.00387596899224806	0.00576368876080692	0	0	0	0	0.0158730158730159	0.0161290322580645	0
target_cancer_8_MF-Monocytes	0	0	0.00404858299595142	0.0029673590504451	0	0	0	0	0.0192307692307692	0.0196078431372549	0
target_cancer_21_MF-Monocytes	0	0	0.00392156862745098	0.00581395348837209	0	0	0	0	0	0	0
target_cancer_1_MF-Monocytes	0	0	0	0.0029673590504451	0	0	0	0	0	0	0
target_cancer_22_MF-Monocytes	0	0	0.00411522633744856	0.00602409638554217	0	0	0	0	0	0	0
target_cancer_19_MF-Monocytes	0	0	0	0.0031055900621118	0	0	0	0	0	0	0
target_cancer_0_pDCs	0	0	0	0	0	0	0	0	0	0	0
target_cancer_12_pDCs	0	0	0	0	0	0	0	0	0	0	0
target_cancer_14_pDCs	0	0	0	0	0	0	0	0	0	0	0
target_cancer_18_pDCs	0	0	0	0	0	0	0	0	0	0	0
target_cancer_23_pDCs	0	0	0	0	0	0	0	0	0	0	0
target_cancer_9_pDCs	0	0	0.00408163265306122	0.00298507462686567	0	0	0	0	0	0	0
target_cancer_10_pDCs	0	0	0.00403225806451613	0.0029585798816568	0	0	0	0	0	0	0
target_cancer_11_pDCs	0	0	0.00411522633744856	0.003003003003003	0	0	0	0	0	0	0
target_cancer_15_pDCs	0	0	0	0	0	0	0	0	0	0	0
target_cancer_2_pDCs	0	0	0	0	0	0	0	0	0	0	0
target_cancer_20_pDCs	0	0	0	0	0	0	0	0	0	0	0
target_cancer_5_pDCs	0	0	0.00403225806451613	0.0029585798816568	0	0	0	0	0	0	0
target_cancer_13_pDCs	0	0	0	0	0	0	0	0	0	0	0
target_cancer_16_pDCs	0	0	0	0	0	0	0	0	0	0	0
target_cancer_17_pDCs	0	0	0	0	0	0	0	0	0	0	0
target_cancer_3_pDCs	0	0	0	0	0	0	0	0	0	0	0
target_cancer_4_pDCs	0	0	0	0	0	0	0	0	0	0	0
target_cancer_6_pDCs	0	0	0.004149377593361	0.00302114803625378	0	0	0	0	0	0	0
target_cancer_7_pDCs	0	0	0	0	0	0	0	0	0	0	0
target_cancer_8_pDCs	0	0	0	0	0	0	0	0	0	0	0
target_cancer_21_pDCs	0	0	0	0	0	0	0	0	0	0	0
target_cancer_1_pDCs	0	0	0	0	0	0	0	0	0	0	0
target_cancer_19_pDCs	0	0	0	0	0	0	0	0	0	0	0
target_cancer_22_pDCs	0	0	0	0	0	0	0	0	0	0	0
target_cancer_0_T-cells	0	0	0.00401606425702811	0.00294985250737463	0	0	0	0	0	0	0
target_cancer_12_T-cells	0	0	0.00411522633744856	0.003003003003003	0	0	0	0	0	0	0
target_cancer_14_T-cells	0	0	0.00396825396825397	0.00292397660818713	0	0	0	0	0	0	0
target_cancer_18_T-cells	0	0	0.00409836065573771	0.0029940119760479	0	0	0	0	0	0	0
target_cancer_23_T-cells	0	0	0.00393700787401575	0.00290697674418605	0	0	0	0	0	0	0
target_cancer_9_T-cells	0	0	0.004149377593361	0.00302114803625378	0	0	0	0	0	0	0
target_cancer_10_T-cells	0	0	0.00413223140495868	0.00301204819277108	0	0	0	0	0	0	0
target_cancer_11_T-cells	0	0	0.004149377593361	0.00302114803625378	0	0	0	0	0	0	0
target_cancer_15_T-cells	0	0	0.00416666666666667	0.00303030303030303	0	0	0	0	0	0	0
target_cancer_2_T-cells	0	0	0.00409836065573771	0.0029940119760479	0	0	0	0	0	0	0
target_cancer_20_T-cells	0	0	0.00404858299595142	0.0029673590504451	0	0	0	0	0	0	0
target_cancer_5_T-cells	0	0	0.004149377593361	0.00302114803625378	0	0	0	0	0	0	0
target_cancer_13_T-cells	0	0	0.004149377593361	0.00302114803625378	0	0	0	0	0	0	0
target_cancer_1_T-cells	0	0	0	0	0	0	0	0	0	0	0
target_cancer_21_T-cells	0	0	0.00411522633744856	0.003003003003003	0	0	0	0	0	0	0
target_cancer_16_T-cells	0	0	0	0	0	0	0	0	0	0	0
target_cancer_17_T-cells	0	0	0	0	0	0	0	0	0	0	0
target_cancer_22_T-cells	0	0	0	0	0	0	0	0	0	0	0
target_cancer_3_T-cells	0	0	0	0	0	0	0	0	0	0	0
target_cancer_4_T-cells	0	0	0	0	0	0	0	0	0	0	0
target_cancer_6_T-cells	0	0	0.00423728813559322	0.00306748466257669	0	0	0	0	0	0	0
target_cancer_7_T-cells	0	0	0.00418410041841004	0.00303951367781155	0	0	0	0	0	0	0
target_cancer_8_T-cells	0	0	0.00427350427350427	0.00308641975308642	0	0	0	0	0	0	0
target_cancer_19_T-cells	0	0	0	0	0	0	0	0	0	0	0
target_cancer_0_fibroblast	0	0	0	0.00274725274725275	0	0	0	0	0	0	0
target_cancer_12_fibroblast	0	0	0	0.00277777777777778	0	0	0	0	0	0	0
target_cancer_14_fibroblast	0	0	0	0.00273972602739726	0	0	0	0	0	0	0
target_cancer_18_fibroblast	0	0	0	0.00276243093922652	0	0	0	0	0	0	0
target_cancer_23_fibroblast	0	0	0	0.00265957446808511	0	0	0	0	0	0	0
target_cancer_9_fibroblast	0	0	0	0.00286532951289398	0	0	0	0	0	0	0
target_cancer_10_fibroblast	0	0	0	0.00276243093922652	0	0	0	0	0	0	0
target_cancer_11_fibroblast	0	0	0	0.00280898876404494	0	0	0	0	0	0	0
target_cancer_15_fibroblast	0	0	0	0.00280112044817927	0	0	0	0	0	0	0
target_cancer_2_fibroblast	0	0	0	0.00275482093663912	0	0	0	0	0	0	0
target_cancer_20_fibroblast	0	0	0	0.00266666666666667	0	0	0	0	0	0	0
target_cancer_5_fibroblast	0	0	0	0.00276243093922652	0	0	0	0	0	0	0
target_cancer_1_fibroblast	0	0	0	0.00292397660818713	0	0	0	0	0	0	0
target_cancer_17_fibroblast	0	0	0	0.00280112044817927	0	0	0	0	0	0	0
target_cancer_13_fibroblast	0	0	0	0.00277777777777778	0	0	0	0	0	0	0
target_cancer_22_fibroblast	0	0	0	0.00292397660818713	0	0	0	0	0	0	0
target_cancer_16_fibroblast	0	0	0	0.00289017341040462	0	0	0	0	0	0	0
target_cancer_3_fibroblast	0	0	0	0.0028328611898017	0	0	0	0	0	0	0
target_cancer_4_fibroblast	0	0	0	0.00282485875706215	0	0	0	0	0	0	0
target_cancer_6_fibroblast	0	0	0	0.00289017341040462	0	0	0	0	0	0	0
target_cancer_7_fibroblast	0	0	0	0.0028328611898017	0	0	0	0	0	0	0
target_cancer_8_fibroblast	0	0	0	0	0	0	0	0	0	0	0
target_cancer_21_fibroblast	0	0	0	0.00291545189504373	0	0	0	0	0	0	0
target_cancer_19_fibroblast	0	0	0	0.00302114803625378	0	0	0	0	0	0	0
target_cancer_0_alveolar_type_2	0	0	0	0	0	0	0	0	0	0	0
target_cancer_12_alveolar_type_2	0	0	0	0	0	0	0	0	0	0	0
target_cancer_14_alveolar_type_2	0	0	0	0	0	0	0	0	0	0	0
target_cancer_15_alveolar_type_2	0	0	0	0	0	0	0	0	0	0	0
target_cancer_23_alveolar_type_2	0	0	0	0	0	0	0	0	0	0	0
target_cancer_20_alveolar_type_2	0	0	0	0	0	0	0	0	0	0	0
target_cancer_1_alveolar_type_2	0	0	0	0	0	0	0	0	0	0	0
target_cancer_2_alveolar_type_2	0	0	0	0	0	0	0	0	0	0	0
target_cancer_17_alveolar_type_2	0	0	0	0	0	0	0	0	0	0	0
target_cancer_13_alveolar_type_2	0	0	0	0	0	0	0	0	0	0	0
target_cancer_10_alveolar_type_2	0	0	0	0	0	0	0	0	0	0	0
target_cancer_11_alveolar_type_2	0	0	0	0	0	0	0	0	0	0	0
target_cancer_18_alveolar_type_2	0	0	0	0	0	0	0	0	0	0	0
target_cancer_5_alveolar_type_2	0	0	0	0	0	0	0	0	0	0	0
target_cancer_6_alveolar_type_2	0	0	0	0	0	0	0	0	0	0	0
target_cancer_9_alveolar_type_2	0	0	0	0	0	0	0	0	0	0	0
target_cancer_16_alveolar_type_2	0	0	0	0	0	0	0	0	0	0	0
target_cancer_3_alveolar_type_2	0	0	0	0	0	0	0	0	0	0	0
target_cancer_4_alveolar_type_2	0	0	0	0	0	0	0	0	0	0	0
target_cancer_7_alveolar_type_2	0	0	0	0	0	0	0	0	0	0	0
target_cancer_8_alveolar_type_2	0	0	0	0	0	0	0	0	0	0	0
target_cancer_21_alveolar_type_2	0	0	0	0	0	0	0	0	0	0	0
target_cancer_22_alveolar_type_2	0	0	0	0	0	0	0	0	0	0	0
target_cancer_19_alveolar_type_2	0	0	0	0	0	0	0	0	0	0	0
target_cancer_0_basal_cell	0	0	0	0	0	0	0	0	0	0	0
target_cancer_12_basal_cell	0	0	0	0	0	0	0	0	0	0	0
target_cancer_14_basal_cell	0	0	0	0	0	0	0	0	0	0	0
target_cancer_15_basal_cell	0	0	0	0	0	0	0	0	0	0	0
target_cancer_23_basal_cell	0	0	0	0	0	0	0	0	0	0	0
target_cancer_20_basal_cell	0	0	0	0	0	0	0	0	0	0	0
target_cancer_1_basal_cell	0	0	0	0	0	0	0	0	0	0	0
target_cancer_2_basal_cell	0	0	0	0	0	0	0	0	0	0	0
target_cancer_17_basal_cell	0	0	0	0	0	0	0	0	0	0	0
target_cancer_13_basal_cell	0	0	0	0	0	0	0	0	0	0	0
target_cancer_10_basal_cell	0	0	0	0	0	0	0	0	0	0	0
target_cancer_11_basal_cell	0	0	0	0	0	0	0	0	0	0	0
target_cancer_18_basal_cell	0	0	0	0	0	0	0	0	0	0	0
target_cancer_5_basal_cell	0	0	0	0	0	0	0	0	0	0	0
target_cancer_9_basal_cell	0	0	0	0	0	0	0	0	0	0	0
target_cancer_22_basal_cell	0	0	0	0	0	0	0	0	0	0	0
target_cancer_4_basal_cell	0	0	0	0	0	0	0	0	0	0	0
target_cancer_6_basal_cell	0	0	0	0	0	0	0	0	0	0	0
target_cancer_3_basal_cell	0	0	0	0	0	0	0	0	0	0	0
target_cancer_7_basal_cell	0	0	0	0	0	0	0	0	0	0	0
target_cancer_19_basal_cell	0	0	0	0	0	0	0	0	0	0	0
target_cancer_21_basal_cell	0	0	0	0	0	0	0	0	0	0	0
target_cancer_16_basal_cell	0	0	0	0	0	0	0	0	0	0	0
target_cancer_8_basal_cell	0	0	0	0	0	0	0	0	0	0	0
target_cancer_0_ciliated_cell	0	0	0	0	0	0	0	0	0	0	0
target_cancer_10_ciliated_cell	0	0	0	0	0	0	0	0	0	0	0
target_cancer_11_ciliated_cell	0	0	0	0	0	0	0	0	0	0	0
target_cancer_13_ciliated_cell	0	0	0	0	0	0	0	0	0	0	0
target_cancer_14_ciliated_cell	0	0	0	0	0	0	0	0	0	0	0
target_cancer_15_ciliated_cell	0	0	0	0	0	0	0	0	0	0	0
target_cancer_18_ciliated_cell	0	0	0	0	0	0	0	0	0	0	0
target_cancer_2_ciliated_cell	0	0	0	0	0	0	0	0	0	0	0
target_cancer_20_ciliated_cell	0	0	0	0	0	0	0	0	0	0	0
target_cancer_23_ciliated_cell	0	0	0	0	0	0	0	0	0	0	0
target_cancer_5_ciliated_cell	0	0	0	0	0	0	0	0	0	0	0
target_cancer_6_ciliated_cell	0	0	0	0	0	0	0	0	0	0	0
target_cancer_9_ciliated_cell	0	0	0	0	0	0	0	0	0	0	0
target_cancer_1_ciliated_cell	0	0	0	0	0	0	0	0	0	0	0
target_cancer_22_ciliated_cell	0	0	0	0	0	0	0	0	0	0	0
target_cancer_12_ciliated_cell	0	0	0	0	0	0	0	0	0	0	0
target_cancer_16_ciliated_cell	0	0	0	0	0	0	0	0	0	0	0
target_cancer_17_ciliated_cell	0	0	0	0	0	0	0	0	0	0	0
target_cancer_3_ciliated_cell	0	0	0	0	0	0	0	0	0	0	0
target_cancer_4_ciliated_cell	0	0	0	0	0	0	0	0	0	0	0
target_cancer_7_ciliated_cell	0	0	0	0	0	0	0	0	0	0	0
target_cancer_21_ciliated_cell	0	0	0	0	0	0	0	0	0	0	0
target_cancer_8_ciliated_cell	0	0	0	0	0	0	0	0	0	0	0
target_cancer_19_ciliated_cell	0	0	0	0	0	0	0	0	0	0	0
target_cancer_0_club cell	0	0	0	0	0	0	0	0	0	0	0
target_cancer_10_club cell	0	0	0	0	0	0	0	0	0	0	0
target_cancer_11_club cell	0	0	0	0	0	0	0	0	0	0	0
target_cancer_12_club cell	0	0	0	0	0	0	0	0	0	0	0
target_cancer_13_club cell	0	0	0	0	0	0	0	0	0	0	0
target_cancer_14_club cell	0	0	0	0	0	0	0	0	0	0	0
target_cancer_15_club cell	0	0	0	0	0	0	0	0	0	0	0
target_cancer_17_club cell	0	0	0	0	0	0	0	0	0	0	0
target_cancer_18_club cell	0	0	0	0	0	0	0	0	0	0	0
target_cancer_2_club cell	0	0	0	0	0	0	0	0	0	0	0
target_cancer_20_club cell	0	0	0	0	0	0	0	0	0	0	0
target_cancer_23_club cell	0	0	0	0	0	0	0	0	0	0	0
target_cancer_5_club cell	0	0	0	0	0	0	0	0	0	0	0
target_cancer_6_club cell	0	0	0	0	0	0	0	0	0	0	0
target_cancer_9_club cell	0	0	0	0	0	0	0	0	0	0	0
target_cancer_22_club cell	0	0	0	0	0	0	0	0	0	0	0
target_cancer_4_club cell	0	0	0	0	0	0	0	0	0	0	0
target_cancer_1_club cell	0	0	0	0	0	0	0	0	0	0	0
target_cancer_3_club cell	0	0	0	0	0	0	0	0	0	0	0
target_cancer_7_club cell	0	0	0	0	0	0	0	0	0	0	0
target_cancer_16_club cell	0	0	0	0	0	0	0	0	0	0	0
target_cancer_8_club cell	0	0	0	0	0	0	0	0	0	0	0
target_cancer_21_club cell	0	0	0	0	0	0	0	0	0	0	0
target_cancer_19_club cell	0	0	0	0	0	0	0	0	0	0	0
target_cancer_0_hepatocyte	0	0	0	0	0	0	0	0	0	0	0
target_cancer_10_hepatocyte	0	0	0	0	0	0	0	0	0	0	0
target_cancer_11_hepatocyte	0	0	0	0	0	0	0	0	0	0	0
target_cancer_12_hepatocyte	0	0	0	0	0	0	0	0	0	0	0
target_cancer_13_hepatocyte	0	0	0	0	0	0	0	0	0	0	0
target_cancer_14_hepatocyte	0	0	0	0	0	0	0	0	0	0	0
target_cancer_15_hepatocyte	0	0	0	0	0	0	0	0	0	0	0
target_cancer_17_hepatocyte	0	0	0	0	0	0	0	0	0	0	0
target_cancer_18_hepatocyte	0	0	0	0	0	0	0	0	0	0	0
target_cancer_2_hepatocyte	0	0	0	0	0	0	0	0	0	0	0
target_cancer_20_hepatocyte	0	0	0	0	0	0	0	0	0	0	0
target_cancer_23_hepatocyte	0	0	0	0	0	0	0	0	0	0	0
target_cancer_5_hepatocyte	0	0	0	0	0	0	0	0	0	0	0
target_cancer_6_hepatocyte	0	0	0	0	0	0	0	0	0	0	0
target_cancer_9_hepatocyte	0	0	0	0	0	0	0	0	0	0	0
target_cancer_16_hepatocyte	0	0	0	0	0	0	0	0	0	0	0
target_cancer_3_hepatocyte	0	0	0	0	0	0	0	0	0	0	0
target_cancer_4_hepatocyte	0	0	0	0	0	0	0	0	0	0	0
target_cancer_7_hepatocyte	0	0	0	0	0	0	0	0	0	0	0
target_cancer_8_hepatocyte	0	0	0	0	0	0	0	0	0	0	0
target_cancer_21_hepatocyte	0	0	0	0	0	0	0	0	0	0	0
target_cancer_19_hepatocyte	0	0	0	0	0	0	0	0	0	0	0
target_cancer_22_hepatocyte	0	0	0	0	0	0	0	0	0	0	0
target_cancer_1_hepatocyte	0	0	0	0	0	0	0	0	0	0	0
target_cancer_0_ionocyte	0	0	0	0	0	0	0	0	0	0	0
target_cancer_10_ionocyte	0	0	0	0	0	0	0	0	0	0	0
target_cancer_11_ionocyte	0	0	0	0	0	0	0	0	0	0	0
target_cancer_12_ionocyte	0	0	0	0	0	0	0	0	0	0	0
target_cancer_13_ionocyte	0	0	0	0	0	0	0	0	0	0	0
target_cancer_14_ionocyte	0	0	0	0	0	0	0	0	0	0	0
target_cancer_15_ionocyte	0	0	0	0	0	0	0	0	0	0	0
target_cancer_17_ionocyte	0	0	0	0	0	0	0	0	0	0	0
target_cancer_18_ionocyte	0	0	0	0	0	0	0	0	0	0	0
target_cancer_2_ionocyte	0	0	0	0	0	0	0	0	0	0	0
target_cancer_20_ionocyte	0	0	0	0	0	0	0	0	0	0	0
target_cancer_23_ionocyte	0	0	0	0	0	0	0	0	0	0	0
target_cancer_5_ionocyte	0	0	0	0	0	0	0	0	0	0	0
target_cancer_6_ionocyte	0	0	0	0	0	0	0	0	0	0	0
target_cancer_9_ionocyte	0	0	0	0	0	0	0	0	0	0	0
target_cancer_16_ionocyte	0	0	0	0	0	0	0	0	0	0	0
target_cancer_3_ionocyte	0	0	0	0	0	0	0	0	0	0	0
target_cancer_4_ionocyte	0	0	0	0	0	0	0	0	0	0	0
target_cancer_7_ionocyte	0	0	0	0	0	0	0	0	0	0	0
target_cancer_8_ionocyte	0	0	0	0	0	0	0	0	0	0	0
target_cancer_21_ionocyte	0	0	0	0	0	0	0	0	0	0	0
target_cancer_1_ionocyte	0	0	0	0	0	0	0	0	0	0	0
target_cancer_19_ionocyte	0	0	0	0	0	0	0	0	0	0	0
target_cancer_22_ionocyte	0	0	0	0	0	0	0	0	0	0	0
target_cancer_0_alveolar_type_1	0	0	0	0	0	0	0	0	0	0	0
target_cancer_10_alveolar_type_1	0	0	0	0	0	0	0	0	0	0	0
target_cancer_11_alveolar_type_1	0	0	0	0	0	0	0	0	0	0	0
target_cancer_12_alveolar_type_1	0	0	0	0	0	0	0	0	0	0	0
target_cancer_13_alveolar_type_1	0	0	0	0	0	0	0	0	0	0	0
target_cancer_14_alveolar_type_1	0	0	0	0	0	0	0	0	0	0	0
target_cancer_15_alveolar_type_1	0	0	0	0	0	0	0	0	0	0	0
target_cancer_16_alveolar_type_1	0	0	0	0	0	0	0	0	0	0	0
target_cancer_17_alveolar_type_1	0	0	0	0	0	0	0	0	0	0	0
target_cancer_18_alveolar_type_1	0	0	0	0	0	0	0	0	0	0	0
target_cancer_2_alveolar_type_1	0	0	0	0	0	0	0	0	0	0	0
target_cancer_20_alveolar_type_1	0	0	0	0	0	0	0	0	0	0	0
target_cancer_23_alveolar_type_1	0	0	0	0	0	0	0	0	0	0	0
target_cancer_3_alveolar_type_1	0	0	0	0	0	0	0	0	0	0	0
target_cancer_4_alveolar_type_1	0	0	0	0	0	0	0	0	0	0	0
target_cancer_5_alveolar_type_1	0	0	0	0	0	0	0	0	0	0	0
target_cancer_6_alveolar_type_1	0	0	0	0	0	0	0	0	0	0	0
target_cancer_7_alveolar_type_1	0	0	0	0	0	0	0	0	0	0	0
target_cancer_8_alveolar_type_1	0	0	0	0	0	0	0	0	0	0	0
target_cancer_9_alveolar_type_1	0	0	0	0	0	0	0	0	0	0	0
target_cancer_21_alveolar_type_1	0	0	0	0	0	0	0	0	0	0	0
target_cancer_1_alveolar_type_1	0	0	0	0	0	0	0	0	0	0	0
target_cancer_22_alveolar_type_1	0	0	0	0	0	0	0	0	0	0	0
target_cancer_19_alveolar_type_1	0	0	0	0	0	0	0	0	0	0	0
target_cancer_0_endothelial	0	0	0	0	0	0	0	0	0	0	0
target_cancer_10_endothelial	0	0	0	0	0	0	0	0	0	0	0
target_cancer_11_endothelial	0	0	0	0	0	0	0	0	0	0	0
target_cancer_12_endothelial	0	0	0	0	0	0	0	0	0	0	0
target_cancer_13_endothelial	0	0	0	0	0	0	0	0	0	0	0
target_cancer_14_endothelial	0	0	0	0	0	0	0	0	0	0	0
target_cancer_15_endothelial	0	0	0	0	0	0	0	0	0	0	0
target_cancer_16_endothelial	0	0	0	0	0	0	0	0	0	0	0
target_cancer_17_endothelial	0	0	0	0	0	0	0	0	0	0	0
target_cancer_18_endothelial	0	0	0	0	0	0	0	0	0	0	0
target_cancer_2_endothelial	0	0	0	0	0	0	0	0	0	0	0
target_cancer_20_endothelial	0	0	0	0	0	0	0	0	0	0	0
target_cancer_23_endothelial	0	0	0	0	0	0	0	0	0	0	0
target_cancer_3_endothelial	0	0	0	0	0	0	0	0	0	0	0
target_cancer_4_endothelial	0	0	0	0	0	0	0	0	0	0	0
target_cancer_5_endothelial	0	0	0	0	0	0	0	0	0	0	0
target_cancer_6_endothelial	0	0	0	0	0	0	0	0	0	0	0
target_cancer_7_endothelial	0	0	0	0	0	0	0	0	0	0	0
target_cancer_8_endothelial	0	0	0	0	0	0	0	0	0	0	0
target_cancer_9_endothelial	0	0	0	0	0	0	0	0	0	0	0
target_cancer_21_endothelial	0	0	0	0	0	0	0	0	0	0	0
target_cancer_1_endothelial	0	0	0	0	0	0	0	0	0	0	0
target_cancer_19_endothelial	0	0	0	0	0	0	0	0	0	0	0
target_cancer_22_endothelial	0	0	0	0	0	0	0	0	0	0	0
target_cancer_11_melanocytes	0	0	0	0.00290697674418605	0	0	0	0	0	0	0
target_cancer_1_melanocytes	0	0	0	0.00298507462686567	0	0	0	0	0	0	0
target_cancer_21_melanocytes	0	0	0	0.0029673590504451	0	0	0	0	0	0	0
target_cancer_0_melanocytes	0	0	0	0.00284900284900285	0	0	0	0	0	0	0
target_cancer_10_melanocytes	0	0	0	0.00286532951289398	0	0	0	0	0	0	0
target_cancer_12_melanocytes	0	0	0	0.00291545189504373	0	0	0	0	0	0	0
target_cancer_13_melanocytes	0	0	0	0.0028735632183908	0	0	0	0	0	0	0
target_cancer_14_melanocytes	0	0	0	0.00285714285714286	0	0	0	0	0	0	0
target_cancer_15_melanocytes	0	0	0	0.00290697674418605	0	0	0	0	0	0	0
target_cancer_16_melanocytes	0	0	0	0.0029673590504451	0	0	0	0	0	0	0
target_cancer_17_melanocytes	0	0	0	0.00289017341040462	0	0	0	0	0	0	0
target_cancer_18_melanocytes	0	0	0	0.00286532951289398	0	0	0	0	0	0	0
target_cancer_19_melanocytes	0	0	0	0.00303951367781155	0	0	0	0	0	0	0
target_cancer_2_melanocytes	0	0	0	0.00288184438040346	0	0	0	0	0	0	0
target_cancer_20_melanocytes	0	0	0	0.00280898876404494	0	0	0	0	0	0	0
target_cancer_22_melanocytes	0	0	0	0.0029585798816568	0	0	0	0	0	0	0
target_cancer_23_melanocytes	0	0	0	0.0028328611898017	0	0	0	0	0	0	0
target_cancer_3_melanocytes	0	0	0	0.00290697674418605	0	0	0	0	0	0	0
target_cancer_4_melanocytes	0	0	0	0.00291545189504373	0	0	0	0	0	0	0
target_cancer_5_melanocytes	0	0	0	0.00286532951289398	0	0	0	0	0	0	0
target_cancer_6_melanocytes	0	0	0	0.00293255131964809	0	0	0	0	0	0	0
target_cancer_7_melanocytes	0	0	0	0.00288184438040346	0	0	0	0	0	0	0
target_cancer_9_melanocytes	0	0	0	0.00291545189504373	0	0	0	0	0	0	0
target_cancer_8_melanocytes	0	0	0	0	0	0	0	0	0	0	0
target_cancer_21_Neutrophils	0	0	0	0	0	0	0	0	0	0	0
target_cancer_0_Neutrophils	0	0	0	0	0	0	0	0	0.02	0.0204081632653061	0
target_cancer_10_Neutrophils	0	0	0.004149377593361	0.00302114803625378	0	0	0	0	0.0217391304347826	0.0222222222222222	0
target_cancer_11_Neutrophils	0	0	0.00421940928270042	0.00305810397553517	0	0	0	0	0.0238095238095238	0.024390243902439	0
target_cancer_13_Neutrophils	0	0	0	0	0	0	0	0	0.0222222222222222	0.0227272727272727	0
target_cancer_14_Neutrophils	0	0	0.00408163265306122	0.00298507462686567	0	0	0	0	0.02	0.0204081632653061	0
target_cancer_18_Neutrophils	0	0	0.00416666666666667	0.00303030303030303	0	0	0	0	0.0222222222222222	0.0227272727272727	0
target_cancer_2_Neutrophils	0	0	0.004149377593361	0.00302114803625378	0	0	0	0	0.0217391304347826	0.0222222222222222	0
target_cancer_20_Neutrophils	0	0	0	0	0	0	0	0	0.0208333333333333	0.0212765957446809	0
target_cancer_23_Neutrophils	0	0	0	0	0	0	0	0	0.0208333333333333	0.0212765957446809	0
target_cancer_6_Neutrophils	0	0	0.00421940928270042	0.00305810397553517	0	0	0	0	0.0238095238095238	0.024390243902439	0
target_cancer_8_Neutrophils	0	0	0	0	0	0	0	0	0.025	0.0256410256410256	0
target_cancer_9_Neutrophils	0	0	0.004149377593361	0.00302114803625378	0	0	0	0	0.0217391304347826	0.0222222222222222	0
target_cancer_12_Neutrophils	0	0	0	0	0	0	0	0	0.024390243902439	0.025	0
target_cancer_15_Neutrophils	0	0	0.00418410041841004	0.00303951367781155	0	0	0	0	0.0227272727272727	0.0232558139534884	0
target_cancer_16_Neutrophils	0	0	0	0	0	0	0	0	0.0256410256410256	0.0263157894736842	0
target_cancer_17_Neutrophils	0	0	0	0	0	0	0	0	0.0263157894736842	0.027027027027027	0
target_cancer_3_Neutrophils	0	0	0	0	0	0	0	0	0.025	0.0256410256410256	0
target_cancer_4_Neutrophils	0	0	0	0	0	0	0	0	0.0256410256410256	0.0263157894736842	0
target_cancer_5_Neutrophils	0	0	0.00416666666666667	0.00303030303030303	0	0	0	0	0.0222222222222222	0.0227272727272727	0
target_cancer_7_Neutrophils	0	0	0	0	0	0	0	0	0.0256410256410256	0.0263157894736842	0
target_cancer_1_Neutrophils	0	0	0	0	0	0	0	0	0	0	0
target_cancer_22_Neutrophils	0	0	0	0	0	0	0	0	0	0	0
target_cancer_19_Neutrophils	0	0	0	0	0	0	0	0	0	0	0
target_cancer_10_stroma	0	0	0	0	0	0	0	0	0	0	0
target_cancer_12_stroma	0	0	0	0	0	0	0	0	0	0	0
target_cancer_13_stroma	0	0	0	0	0	0	0	0	0	0	0
target_cancer_15_stroma	0	0	0	0	0	0	0	0	0	0	0
target_cancer_16_stroma	0	0	0	0	0	0	0	0	0	0	0
target_cancer_17_stroma	0	0	0	0	0	0	0	0	0	0	0
target_cancer_18_stroma	0	0	0	0	0	0	0	0	0	0	0
target_cancer_2_stroma	0	0	0	0	0	0	0	0	0	0	0
target_cancer_20_stroma	0	0	0	0	0	0	0	0	0	0	0
target_cancer_3_stroma	0	0	0	0	0	0	0	0	0	0	0
target_cancer_4_stroma	0	0	0	0	0	0	0	0	0	0	0
target_cancer_5_stroma	0	0	0	0	0	0	0	0	0	0	0
target_cancer_7_stroma	0	0	0	0	0	0	0	0	0	0	0
target_cancer_1_stroma	0	0	0	0	0	0	0	0	0	0	0
target_cancer_0_stroma	0	0	0	0	0	0	0	0	0	0	0
target_cancer_11_stroma	0	0	0	0	0	0	0	0	0	0	0
target_cancer_14_stroma	0	0	0	0	0	0	0	0	0	0	0
target_cancer_22_stroma	0	0	0	0	0	0	0	0	0	0	0
target_cancer_23_stroma	0	0	0	0	0	0	0	0	0	0	0
target_cancer_6_stroma	0	0	0	0	0	0	0	0	0	0	0
target_cancer_8_stroma	0	0	0	0	0	0	0	0	0	0	0
target_cancer_9_stroma	0	0	0	0	0	0	0	0	0	0	0
target_cancer_19_stroma	0	0	0	0	0	0	0	0	0	0	0
target_cancer_21_stroma	0	0	0	0	0	0	0	0	0	0	0
target_cancer_0_neuro_e_cell	0	0	0	0	0	0	0	0	0	0	0
target_cancer_10_neuro_e_cell	0	0	0	0	0	0	0	0	0	0	0
target_cancer_11_neuro_e_cell	0	0	0	0	0	0	0	0	0	0	0
target_cancer_12_neuro_e_cell	0	0	0	0	0	0	0	0	0	0	0
target_cancer_13_neuro_e_cell	0	0	0	0	0	0	0	0	0	0	0
target_cancer_14_neuro_e_cell	0	0	0	0	0	0	0	0	0	0	0
target_cancer_15_neuro_e_cell	0	0	0	0	0	0	0	0	0	0	0
target_cancer_16_neuro_e_cell	0	0	0	0	0	0	0	0	0	0	0
target_cancer_17_neuro_e_cell	0	0	0	0	0	0	0	0	0	0	0
target_cancer_18_neuro_e_cell	0	0	0	0	0	0	0	0	0	0	0
target_cancer_2_neuro_e_cell	0	0	0	0	0	0	0	0	0	0	0
target_cancer_20_neuro_e_cell	0	0	0	0	0	0	0	0	0	0	0
target_cancer_22_neuro_e_cell	0	0	0	0	0	0	0	0	0	0	0
target_cancer_23_neuro_e_cell	0	0	0	0	0	0	0	0	0	0	0
target_cancer_3_neuro_e_cell	0	0	0	0	0	0	0	0	0	0	0
target_cancer_4_neuro_e_cell	0	0	0	0	0	0	0	0	0	0	0
target_cancer_5_neuro_e_cell	0	0	0	0	0	0	0	0	0	0	0
target_cancer_6_neuro_e_cell	0	0	0	0	0	0	0	0	0	0	0
target_cancer_7_neuro_e_cell	0	0	0	0	0	0	0	0	0	0	0
target_cancer_8_neuro_e_cell	0	0	0	0	0	0	0	0	0	0	0
target_cancer_9_neuro_e_cell	0	0	0	0	0	0	0	0	0	0	0
target_cancer_19_neuro_e_cell	0	0	0	0	0	0	0	0	0	0	0
target_cancer_1_neuro_e_cell	0	0	0	0	0	0	0	0	0	0	0
target_cancer_21_neuro_e_cell	0	0	0	0	0	0	0	0	0	0	0
source_cancer_16_cancer	0	0.0170940170940171	0.0106007067137809	0.0134770889487871	0	0	0.00970873786407767	0	0	0	0
source_cancer_17_cancer	0	0.0150375939849624	0.0134228187919463	0.0155440414507772	0	0	0.00840336134453781	0	0	0	0
source_cancer_18_cancer	0	0	0.00955414012738853	0.00742574257425743	0	0	0	0	0	0	0
source_cancer_23_cancer	0	0.0114285714285714	0.0117647058823529	0.014018691588785	0	0	0.0062111801242236	0	0	0	0
source_cancer_3_cancer	0	0.0151515151515152	0.0134680134680135	0.0155844155844156	0	0	0.00847457627118644	0	0	0	0
source_cancer_4_cancer	0	0.0148148148148148	0.0133333333333333	0.0154639175257732	0	0	0.00826446280991736	0	0	0	0
source_cancer_5_cancer	0	0.0136986301369863	0.00961538461538462	0.0150375939849624	0	0	0	0	0	0	0
source_cancer_14_cancer	0	0.00625	0.0123456790123457	0.0145631067961165	0	0	0	0	0	0	0
source_cancer_15_cancer	0	0.0150375939849624	0.0134228187919463	0.0181818181818182	0	0	0	0	0	0	0
source_cancer_2_cancer	0	0.0148148148148148	0.0133333333333333	0.012853470437018	0	0	0	0	0	0	0
source_cancer_6_cancer	0	0.0151515151515152	0.0100671140939597	0.0155844155844156	0	0	0	0	0	0	0
source_cancer_9_cancer	0	0.0147058823529412	0.0132890365448505	0.0180412371134021	0	0	0	0	0	0	0
source_cancer_0_cancer	0	0.00649350649350649	0.0125786163522013	0.0147783251231527	0	0	0.00719424460431655	0	0	0	0
source_cancer_10_cancer	0	0.0131578947368421	0.0126182965299685	0.0148148148148148	0	0	0.0072463768115942	0	0	0	0
source_cancer_11_cancer	0	0.0147058823529412	0.00993377483443709	0.0128205128205128	0	0	0.00819672131147541	0	0	0	0
source_cancer_12_cancer	0	0.0138888888888889	0.0129449838187702	0.0151133501259446	0	0	0.00769230769230769	0	0	0	0
source_cancer_20_cancer	0	0.0130718954248366	0.00940438871473354	0.0122850122850123	0	0	0.00719424460431655	0	0	0	0
source_cancer_19_cancer	0	0	0.00384615384615385	0.00285714285714286	0	0	0	0	0	0	0
source_cancer_22_cancer	0	0	0.0072202166064982	0.00544959128065395	0	0	0	0	0	0	0
source_cancer_1_cancer	0	0.0192307692307692	0.00367647058823529	0.011142061281337	0	0	0	0	0	0	0
source_cancer_13_cancer	0	0.0163934426229508	0.0069204152249135	0.0106100795755968	0	0	0	0	0	0	0
source_cancer_21_cancer	0	0.0178571428571429	0.0107913669064748	0.0108991825613079	0	0	0.0102040816326531	0	0	0	0
source_cancer_7_cancer	0	0.0166666666666667	0.0140350877192982	0.0160857908847185	0	0	0.00943396226415094	0	0	0	0
source_cancer_8_cancer	0	0	0.0075187969924812	0.00561797752808989	0	0	0	0	0	0	0
source_cancer_16_Dendritic	0	0.0208333333333333	0.0114503816793893	0.0142857142857143	0	0	0.0121951219512195	0	0	0	0
source_cancer_17_Dendritic	0	0.02	0.0112781954887218	0.0141242937853107	0	0	0.0116279069767442	0	0	0	0
source_cancer_18_Dendritic	0	0	0.00754716981132075	0.00563380281690141	0	0	0	0	0	0	0
source_cancer_3_Dendritic	0	0.0196078431372549	0.0111940298507463	0.0140449438202247	0	0	0.0113636363636364	0	0	0	0
source_cancer_4_Dendritic	0	0.0198019801980198	0.0112359550561798	0.0140845070422535	0	0	0.0114942528735632	0	0	0	0
source_cancer_5_Dendritic	0	0.0178571428571429	0.0107913669064748	0.0136612021857923	0	0	0.0102040816326531	0	0	0	0
source_cancer_14_Dendritic	0	0.00909090909090909	0.0145985401459854	0.0137741046831956	0	0	0.0105263157894737	0	0	0	0
source_cancer_15_Dendritic	0	0.0188679245283019	0.014760147601476	0.0167130919220056	0	0	0.0108695652173913	0	0	0	0
source_cancer_2_Dendritic	0	0.0196078431372549	0.0149812734082397	0.0140449438202247	0	0	0.0113636363636364	0	0	0	0
source_cancer_6_Dendritic	0	0.0192307692307692	0.0148698884758364	0.0168067226890756	0	0	0.0111111111111111	0	0	0	0
source_cancer_9_Dendritic	0	0.0198019801980198	0.0150375939849624	0.0169491525423729	0	0	0.0114942528735632	0	0	0	0
source_cancer_0_Dendritic	0	0.00952380952380952	0.0111111111111111	0.0139664804469274	0	0	0.0111111111111111	0	0	0	0
source_cancer_1_Dendritic	0	0.0227272727272727	0.00784313725490196	0.0116618075801749	0	0	0.0135135135135135	0	0	0	0
source_cancer_10_Dendritic	0	0.0181818181818182	0.0108695652173913	0.0137362637362637	0	0	0.0104166666666667	0	0	0	0
source_cancer_11_Dendritic	0	0.0186915887850467	0.010989010989011	0.0138504155124654	0	0	0.010752688172043	0	0	0	0
source_cancer_12_Dendritic	0	0.018348623853211	0.0109090909090909	0.0137741046831956	0	0	0.0105263157894737	0	0	0	0
source_cancer_13_Dendritic	0	0.0202020202020202	0.0113207547169811	0.0112994350282486	0	0	0.0117647058823529	0	0	0	0
source_cancer_20_Dendritic	0	0.018348623853211	0.0109090909090909	0.0137741046831956	0	0	0.0105263157894737	0	0	0	0
source_cancer_21_Dendritic	0	0.0222222222222222	0.01171875	0.0145348837209302	0	0	0.0131578947368421	0	0	0	0
source_cancer_7_Dendritic	0	0.0212765957446809	0.0115384615384615	0.014367816091954	0	0	0.0125	0	0	0	0
source_cancer_8_Dendritic	0	0.0217391304347826	0.0116279069767442	0.0144508670520231	0	0	0.0128205128205128	0	0	0	0
source_cancer_19_Dendritic	0	0	0.00826446280991736	0.003003003003003	0	0	0.0163934426229508	0	0	0	0
source_cancer_23_Dendritic	0	0.0172413793103448	0.0106382978723404	0.0135135135135135	0	0	0.00980392156862745	0	0	0	0
source_cancer_22_Dendritic	0	0	0.012	0.00586510263929619	0	0	0.0142857142857143	0	0	0	0
source_cancer_16_fibroblast	0	0.0120481927710843	0.004	0.00294117647058824	0	0	0	0	0	0	0
source_cancer_17_fibroblast	0	0.0108695652173913	0.0116731517509728	0.00574712643678161	0	0	0	0.0256410256410256	0	0	0
source_cancer_18_fibroblast	0	0	0.0111111111111111	0.00554016620498615	0	0	0	0.0192307692307692	0	0	0
source_cancer_23_fibroblast	0	0	0.0109489051094891	0.00547945205479452	0	0	0	0.0178571428571429	0	0	0
source_cancer_3_fibroblast	0	0.0106382978723404	0.0115830115830116	0.00571428571428571	0	0	0	0.024390243902439	0	0	0
source_cancer_4_fibroblast	0	0.0106382978723404	0.0115830115830116	0.00571428571428571	0	0	0	0.024390243902439	0	0	0
source_cancer_5_fibroblast	0	0.0196078431372549	0.0111940298507463	0.0112044817927171	0	0	0	0.02	0	0	0
source_cancer_14_fibroblast	0	0	0.0148698884758364	0.00833333333333333	0	0	0	0.0192307692307692	0	0	0
source_cancer_15_fibroblast	0	0	0.0115384615384615	0.00857142857142857	0	0	0	0	0	0	0
source_cancer_2_fibroblast	0	0.0101010101010101	0.0152091254752852	0.00847457627118644	0	0	0	0.0217391304347826	0	0	0
source_cancer_6_fibroblast	0	0.0105263157894737	0.0115384615384615	0.0114613180515759	0	0	0	0.0238095238095238	0	0	0
source_cancer_9_fibroblast	0	0.0103092783505155	0.0153256704980843	0.0113960113960114	0	0	0	0.0227272727272727	0	0	0
source_cancer_22_fibroblast	0	0	0.00803212851405622	0.00294117647058824	0	0	0	0.0333333333333333	0	0	0
source_cancer_0_fibroblast	0	0	0.0111111111111111	0.00554016620498615	0	0	0	0.0192307692307692	0	0	0
source_cancer_1_fibroblast	0	0.0253164556962025	0.00404858299595142	0.00595238095238095	0	0	0	0	0	0	0
source_cancer_10_fibroblast	0	0.0185185185185185	0.0109489051094891	0.0138121546961326	0	0	0	0.0178571428571429	0	0	0
source_cancer_11_fibroblast	0	0.019047619047619	0.00735294117647059	0.0111111111111111	0	0	0	0.0188679245283019	0	0	0
source_cancer_12_fibroblast	0	0	0.0114942528735632	0.00568181818181818	0	0	0	0.0232558139534884	0	0	0
source_cancer_13_fibroblast	0	0.0108695652173913	0.00775193798449612	0.00286532951289398	0	0	0	0.0256410256410256	0	0	0
source_cancer_20_fibroblast	0	0	0.00746268656716418	0.00278551532033426	0	0	0	0.0204081632653061	0	0	0
source_cancer_21_fibroblast	0	0.0126582278481013	0.0040650406504065	0.00297619047619048	0	0	0	0	0	0	0
source_cancer_7_fibroblast	0	0.010989010989011	0.01171875	0.00867052023121387	0	0	0	0.0263157894736842	0	0	0
source_cancer_8_fibroblast	0	0	0.00813008130081301	0.0029673590504451	0	0	0	0.037037037037037	0	0	0
source_cancer_19_fibroblast	0	0	0.00829875518672199	0.00301204819277108	0	0	0	0.0454545454545455	0	0	0
source_cancer_16_MF-Monocytes	0	0.0210526315789474	0.0114942528735632	0.0143266475644699	0	0	0.0123456790123457	0	0	0	0
source_cancer_17_MF-Monocytes	0	0.0206185567010309	0.0114068441064639	0.0142450142450142	0	0	0.0120481927710843	0	0	0	0
source_cancer_18_MF-Monocytes	0	0	0.0075187969924812	0.00561797752808989	0	0	0	0	0	0	0
source_cancer_23_MF-Monocytes	0	0.0172413793103448	0.0106382978723404	0.0135135135135135	0	0	0.00980392156862745	0	0	0	0
source_cancer_3_MF-Monocytes	0	0.0208333333333333	0.0114503816793893	0.0142857142857143	0	0	0.0121951219512195	0	0	0	0
source_cancer_4_MF-Monocytes	0	0.0206185567010309	0.0114068441064639	0.0142450142450142	0	0	0.0120481927710843	0	0	0	0
source_cancer_5_MF-Monocytes	0	0.018018018018018	0.0108303249097473	0.0136986301369863	0	0	0.0103092783505155	0	0	0	0
source_cancer_14_MF-Monocytes	0	0.00909090909090909	0.0145985401459854	0.0137741046831956	0	0	0.0105263157894737	0	0	0	0
source_cancer_15_MF-Monocytes	0	0.019047619047619	0.0148148148148148	0.0167597765363128	0	0	0.010989010989011	0	0	0	0
source_cancer_2_MF-Monocytes	0	0.0194174757281553	0.0149253731343284	0.0140056022408964	0	0	0.0112359550561798	0	0	0	0
source_cancer_6_MF-Monocytes	0	0.0196078431372549	0.0149812734082397	0.0169014084507042	0	0	0.0113636363636364	0	0	0	0
source_cancer_9_MF-Monocytes	0	0.0194174757281553	0.0149253731343284	0.0168539325842697	0	0	0.0112359550561798	0	0	0	0
source_cancer_0_MF-Monocytes	0	0.00952380952380952	0.0111111111111111	0.0139664804469274	0	0	0.0111111111111111	0	0	0	0
source_cancer_1_MF-Monocytes	0	0.0229885057471264	0.0078740157480315	0.0116959064327485	0	0	0.0136986301369863	0	0	0	0
source_cancer_10_MF-Monocytes	0	0.018348623853211	0.0109090909090909	0.0137741046831956	0	0	0.0105263157894737	0	0	0	0
source_cancer_11_MF-Monocytes	0	0.0185185185185185	0.0109489051094891	0.0138121546961326	0	0	0.0106382978723404	0	0	0	0
source_cancer_12_MF-Monocytes	0	0.018348623853211	0.0109090909090909	0.0137741046831956	0	0	0.0105263157894737	0	0	0	0
source_cancer_13_MF-Monocytes	0	0.0202020202020202	0.0113207547169811	0.0112994350282486	0	0	0.0117647058823529	0	0	0	0
source_cancer_20_MF-Monocytes	0	0.018018018018018	0.0108303249097473	0.0136986301369863	0	0	0.0103092783505155	0	0	0	0
source_cancer_21_MF-Monocytes	0	0.0224719101123595	0.0117647058823529	0.0145772594752187	0	0	0.0133333333333333	0	0	0	0
source_cancer_7_MF-Monocytes	0	0.0208333333333333	0.0114503816793893	0.0142857142857143	0	0	0.0121951219512195	0	0	0	0
source_cancer_8_MF-Monocytes	0	0.0210526315789474	0.0114942528735632	0.0143266475644699	0	0	0.0123456790123457	0	0	0	0
source_cancer_19_MF-Monocytes	0	0	0.00833333333333333	0.00302114803625378	0	0	0.0169491525423729	0	0	0	0
source_cancer_22_MF-Monocytes	0	0	0.0120481927710843	0.00588235294117647	0	0	0.0144927536231884	0	0	0	0
source_cancer_16_pDCs	0	0.021505376344086	0.0115830115830116	0.0144092219020173	0	0	0.0126582278481013	0	0	0	0
source_cancer_17_pDCs	0	0.0206185567010309	0.0114068441064639	0.0142450142450142	0	0	0.0120481927710843	0	0	0	0
source_cancer_18_pDCs	0	0	0.00772200772200772	0.00573065902578797	0	0	0	0	0	0	0
source_cancer_3_pDCs	0	0.0206185567010309	0.0114068441064639	0.0142450142450142	0	0	0.0120481927710843	0	0	0	0
source_cancer_4_pDCs	0	0.0204081632653061	0.0113636363636364	0.0142045454545455	0	0	0.0119047619047619	0	0	0	0
source_cancer_5_pDCs	0	0.02	0.0112781954887218	0.0141242937853107	0	0	0.0116279069767442	0	0	0	0
source_cancer_14_pDCs	0	0.00943396226415094	0.0148148148148148	0.0167597765363128	0	0	0.010989010989011	0	0	0	0
source_cancer_15_pDCs	0	0.0217391304347826	0.0155642023346304	0.0173913043478261	0	0	0.0128205128205128	0	0	0	0
source_cancer_2_pDCs	0	0.0204081632653061	0.0152091254752852	0.0142045454545455	0	0	0.0119047619047619	0	0	0	0
source_cancer_6_pDCs	0	0.021505376344086	0.0155038759689922	0.0173410404624277	0	0	0.0126582278481013	0	0	0	0
source_cancer_9_pDCs	0	0.0210526315789474	0.0153846153846154	0.0172413793103448	0	0	0.0123456790123457	0	0	0	0
source_cancer_0_pDCs	0	0.0188679245283019	0.0110294117647059	0.0138888888888889	0	0	0.0108695652173913	0	0	0	0
source_cancer_1_pDCs	0	0.0235294117647059	0.00793650793650794	0.0117647058823529	0	0	0.0140845070422535	0	0	0	0
source_cancer_10_pDCs	0	0.0198019801980198	0.0112359550561798	0.0140845070422535	0	0	0.0114942528735632	0	0	0	0
source_cancer_11_pDCs	0	0.0202020202020202	0.0113207547169811	0.0141643059490085	0	0	0.0117647058823529	0	0	0	0
source_cancer_12_pDCs	0	0.0192307692307692	0.0111111111111111	0.0139664804469274	0	0	0.0111111111111111	0	0	0	0
source_cancer_13_pDCs	0	0.021978021978022	0.0116731517509728	0.0115606936416185	0	0	0.012987012987013	0	0	0	0
source_cancer_20_pDCs	0	0.0208333333333333	0.0114503816793893	0.0142857142857143	0	0	0.0121951219512195	0	0	0	0
source_cancer_21_pDCs	0	0.0238095238095238	0.012	0.014792899408284	0	0	0.0142857142857143	0	0	0	0
source_cancer_22_pDCs	0	0	0.00813008130081301	0.0029673590504451	0	0	0.0153846153846154	0	0	0	0
source_cancer_7_pDCs	0	0.0222222222222222	0.01171875	0.0145348837209302	0	0	0.0131578947368421	0	0	0	0
source_cancer_8_pDCs	0	0.0235294117647059	0.00793650793650794	0.0117647058823529	0	0	0.0140845070422535	0	0	0	0
source_cancer_19_pDCs	0	0	0.00836820083682008	0.00303030303030303	0	0	0.0172413793103448	0	0	0	0
source_cancer_23_pDCs	0	0.0185185185185185	0.0109489051094891	0.0138121546961326	0	0	0.0106382978723404	0	0	0	0
source_cancer_0_club cell	0	0	0.00357142857142857	0.0027027027027027	0	0	0	0	0	0	0
source_cancer_10_club cell	0	0	0.00359712230215827	0.00271739130434783	0	0	0	0	0	0	0
source_cancer_11_club cell	0	0	0.0037037037037037	0.00277777777777778	0	0	0	0	0	0	0
source_cancer_12_club cell	0	0	0.0036101083032491	0.00272479564032698	0	0	0	0	0	0	0
source_cancer_14_club cell	0	0	0.00352112676056338	0.00267379679144385	0	0	0	0	0	0	0
source_cancer_16_club cell	0	0	0.00386100386100386	0.00286532951289398	0	0	0	0	0	0	0
source_cancer_18_club cell	0	0	0.00348432055749129	0.0026525198938992	0	0	0	0	0	0	0
source_cancer_23_club cell	0	0	0.00347222222222222	0.00264550264550265	0	0	0	0	0	0	0
source_cancer_5_club cell	0	0	0.003584229390681	0.002710027100271	0	0	0	0	0	0	0
source_cancer_9_club cell	0	0	0.0037037037037037	0.00277777777777778	0	0	0	0	0	0	0
source_cancer_2_club cell	0	0	0.00371747211895911	0.00278551532033426	0	0	0	0	0	0	0
source_cancer_20_club cell	0	0	0.00357142857142857	0.0027027027027027	0	0	0	0	0	0	0
source_cancer_6_club cell	0	0	0.00371747211895911	0.00278551532033426	0	0	0	0	0	0	0
source_cancer_19_club cell	0	0	0.00396825396825397	0.00292397660818713	0	0	0	0	0	0	0
source_cancer_17_club cell	0	0	0.0037593984962406	0.00280898876404494	0	0	0	0	0	0	0
source_cancer_22_club cell	0	0	0.00386100386100386	0.00286532951289398	0	0	0	0	0	0	0
source_cancer_3_club cell	0	0	0.00374531835205993	0.00280112044817927	0	0	0	0	0	0	0
source_cancer_4_club cell	0	0	0.0037593984962406	0.00280898876404494	0	0	0	0	0	0	0
source_cancer_1_club cell	0	0	0.0040650406504065	0.00297619047619048	0	0	0	0	0	0	0
source_cancer_13_club cell	0	0	0.0037593984962406	0.00280898876404494	0	0	0	0	0	0	0
source_cancer_21_club cell	0	0	0.004	0.00294117647058824	0	0	0	0	0	0	0
source_cancer_7_club cell	0	0	0.00384615384615385	0.00285714285714286	0	0	0	0	0	0	0
source_cancer_8_club cell	0	0	0.00395256916996047	0.00291545189504373	0	0	0	0	0	0	0
source_cancer_15_club cell	0	0	0.00378787878787879	0.00282485875706215	0	0	0	0	0	0	0
source_cancer_0_alveolar_type_1	0	0	0.0037593984962406	0.00280898876404494	0	0	0	0	0	0	0
source_cancer_1_alveolar_type_1	0	0	0.004149377593361	0.00302114803625378	0	0	0	0	0	0	0
source_cancer_10_alveolar_type_1	0	0	0.0037593984962406	0.00280898876404494	0	0	0	0	0	0	0
source_cancer_11_alveolar_type_1	0	0	0.00380228136882129	0.0028328611898017	0	0	0	0	0	0	0
source_cancer_12_alveolar_type_1	0	0	0.00378787878787879	0.00282485875706215	0	0	0	0	0	0	0
source_cancer_13_alveolar_type_1	0	0	0.00387596899224806	0.0028735632183908	0	0	0	0	0	0	0
source_cancer_14_alveolar_type_1	0	0	0.0037037037037037	0.00277777777777778	0	0	0	0	0	0	0
source_cancer_16_alveolar_type_1	0	0	0.00401606425702811	0.00294985250737463	0	0	0	0	0	0	0
source_cancer_17_alveolar_type_1	0	0	0.00390625	0.00289017341040462	0	0	0	0	0	0	0
source_cancer_18_alveolar_type_1	0	0	0.003690036900369	0.00277008310249307	0	0	0	0	0	0	0
source_cancer_2_alveolar_type_1	0	0	0.00384615384615385	0.00285714285714286	0	0	0	0	0	0	0
source_cancer_20_alveolar_type_1	0	0	0.003690036900369	0.00277008310249307	0	0	0	0	0	0	0
source_cancer_21_alveolar_type_1	0	0	0.00409836065573771	0.0029940119760479	0	0	0	0	0	0	0
source_cancer_22_alveolar_type_1	0	0	0.00396825396825397	0.00292397660818713	0	0	0	0	0	0	0
source_cancer_3_alveolar_type_1	0	0	0.00392156862745098	0.00289855072463768	0	0	0	0	0	0	0
source_cancer_4_alveolar_type_1	0	0	0.00389105058365759	0.00288184438040346	0	0	0	0	0	0	0
source_cancer_5_alveolar_type_1	0	0	0.0037593984962406	0.00280898876404494	0	0	0	0	0	0	0
source_cancer_6_alveolar_type_1	0	0	0.00380228136882129	0.0028328611898017	0	0	0	0	0	0	0
source_cancer_7_alveolar_type_1	0	0	0.00390625	0.00289017341040462	0	0	0	0	0	0	0
source_cancer_8_alveolar_type_1	0	0	0.00401606425702811	0.00294985250737463	0	0	0	0	0	0	0
source_cancer_9_alveolar_type_1	0	0	0.00381679389312977	0.00284090909090909	0	0	0	0	0	0	0
source_cancer_23_alveolar_type_1	0	0	0.003690036900369	0.00277008310249307	0	0	0	0	0	0	0
source_cancer_15_alveolar_type_1	0	0	0.00386100386100386	0.00286532951289398	0	0	0	0	0	0	0
source_cancer_19_alveolar_type_1	0	0	0.00409836065573771	0.0029940119760479	0	0	0	0	0	0	0
source_cancer_0_alveolar_type_2	0	0	0.00719424460431655	0.00543478260869565	0	0	0	0	0	0	0
source_cancer_1_alveolar_type_2	0	0	0.00413223140495868	0.00301204819277108	0	0	0	0	0	0	0
source_cancer_10_alveolar_type_2	0	0	0.00735294117647059	0.00552486187845304	0	0	0	0	0	0	0
source_cancer_11_alveolar_type_2	0	0	0.00380228136882129	0.0028328611898017	0	0	0	0	0	0	0
source_cancer_12_alveolar_type_2	0	0	0.00738007380073801	0.00554016620498615	0	0	0	0	0	0	0
source_cancer_13_alveolar_type_2	0	0	0.00380228136882129	0.0028328611898017	0	0	0	0	0	0	0
source_cancer_14_alveolar_type_2	0	0	0.00709219858156028	0.00537634408602151	0	0	0	0	0	0	0
source_cancer_16_alveolar_type_2	0	0	0.00393700787401575	0.00290697674418605	0	0	0	0	0	0	0
source_cancer_17_alveolar_type_2	0	0	0.00769230769230769	0.00571428571428571	0	0	0	0	0	0	0
source_cancer_18_alveolar_type_2	0	0	0.0072202166064982	0.00544959128065395	0	0	0	0	0	0	0
source_cancer_2_alveolar_type_2	0	0	0.00754716981132075	0.00563380281690141	0	0	0	0	0	0	0
source_cancer_20_alveolar_type_2	0	0	0.00366300366300366	0.00275482093663912	0	0	0	0	0	0	0
source_cancer_21_alveolar_type_2	0	0	0.00404858299595142	0.0029673590504451	0	0	0	0	0	0	0
source_cancer_3_alveolar_type_2	0	0	0.00769230769230769	0.00571428571428571	0	0	0	0	0	0	0
source_cancer_4_alveolar_type_2	0	0	0.00763358778625954	0.00568181818181818	0	0	0	0	0	0	0
source_cancer_5_alveolar_type_2	0	0	0.00732600732600733	0.00550964187327824	0	0	0	0	0	0	0
source_cancer_6_alveolar_type_2	0	0	0.00380228136882129	0.0028328611898017	0	0	0	0	0	0	0
source_cancer_7_alveolar_type_2	0	0	0.00778210116731518	0.00576368876080692	0	0	0	0	0	0	0
source_cancer_8_alveolar_type_2	0	0	0.00403225806451613	0.0029585798816568	0	0	0	0	0	0	0
source_cancer_9_alveolar_type_2	0	0	0.00754716981132075	0.00563380281690141	0	0	0	0	0	0	0
source_cancer_23_alveolar_type_2	0	0	0.00706713780918728	0.00536193029490617	0	0	0	0	0	0	0
source_cancer_22_alveolar_type_2	0	0	0.00398406374501992	0.00293255131964809	0	0	0	0	0	0	0
source_cancer_15_alveolar_type_2	0	0	0.00760456273764259	0.0056657223796034	0	0	0	0	0	0	0
source_cancer_19_alveolar_type_2	0	0	0.0040650406504065	0.00297619047619048	0	0	0	0	0	0	0
source_cancer_0_B-cells-M	0	0	0.00404858299595142	0.0029673590504451	0	0	0	0	0	0	0
source_cancer_1_B-cells-M	0	0	0.00420168067226891	0.00304878048780488	0	0	0	0	0	0	0
source_cancer_10_B-cells-M	0	0	0.00408163265306122	0.00298507462686567	0	0	0	0	0	0	0
source_cancer_11_B-cells-M	0	0	0.0040650406504065	0.00297619047619048	0	0	0	0	0	0	0
source_cancer_12_B-cells-M	0	0	0.00403225806451613	0.0029585798816568	0	0	0	0	0	0	0
source_cancer_13_B-cells-M	0	0	0.004149377593361	0.00302114803625378	0	0	0	0	0	0	0
source_cancer_14_B-cells-M	0	0	0.00403225806451613	0.0029585798816568	0	0	0	0	0	0	0
source_cancer_16_B-cells-M	0	0	0.00421940928270042	0.00305810397553517	0	0	0	0	0	0	0
source_cancer_18_B-cells-M	0	0	0.00408163265306122	0.00298507462686567	0	0	0	0	0	0	0
source_cancer_2_B-cells-M	0	0	0.00404858299595142	0.0029673590504451	0	0	0	0	0	0	0
source_cancer_20_B-cells-M	0	0	0.00409836065573771	0.0029940119760479	0	0	0	0	0	0	0
source_cancer_21_B-cells-M	0	0	0.00420168067226891	0.00304878048780488	0	0	0	0	0	0	0
source_cancer_3_B-cells-M	0	0	0.00409836065573771	0.0029940119760479	0	0	0	0	0	0	0
source_cancer_4_B-cells-M	0	0	0.00409836065573771	0.0029940119760479	0	0	0	0	0	0	0
source_cancer_5_B-cells-M	0	0	0.00404858299595142	0.0029673590504451	0	0	0	0	0	0	0
source_cancer_6_B-cells-M	0	0	0.00408163265306122	0.00298507462686567	0	0	0	0	0	0	0
source_cancer_7_B-cells-M	0	0	0.00411522633744856	0.003003003003003	0	0	0	0	0	0	0
source_cancer_8_B-cells-M	0	0	0	0	0	0	0	0	0	0	0
source_cancer_9_B-cells-M	0	0	0.00408163265306122	0.00298507462686567	0	0	0	0	0	0	0
source_cancer_17_B-cells-M	0	0	0.00418410041841004	0.00303951367781155	0	0	0	0	0	0	0
source_cancer_22_B-cells-M	0	0	0	0	0	0	0	0	0	0	0
source_cancer_15_B-cells-M	0	0	0.00409836065573771	0.0029940119760479	0	0	0	0	0	0	0
source_cancer_23_B-cells-M	0	0	0.00401606425702811	0.00294985250737463	0	0	0	0	0	0	0
source_cancer_19_B-cells-M	0	0	0.00427350427350427	0.00308641975308642	0	0	0	0	0	0	0
source_cancer_0_endothelial	0	0	0.00735294117647059	0.00552486187845304	0	0	0	0	0	0	0
source_cancer_1_endothelial	0	0	0.00409836065573771	0.0029940119760479	0	0	0	0	0	0	0
source_cancer_10_endothelial	0	0	0.00746268656716418	0.00558659217877095	0	0	0	0	0	0	0
source_cancer_11_endothelial	0	0	0.00381679389312977	0.00284090909090909	0	0	0	0	0	0	0
source_cancer_12_endothelial	0	0	0.00735294117647059	0.00552486187845304	0	0	0	0	0	0	0
source_cancer_13_endothelial	0	0	0.00383141762452107	0.00284900284900285	0	0	0	0	0	0	0
source_cancer_14_endothelial	0	0	0.0072463768115942	0.00546448087431694	0	0	0	0	0	0	0
source_cancer_16_endothelial	0	0	0.00390625	0.00289017341040462	0	0	0	0	0	0	0
source_cancer_17_endothelial	0	0	0.00757575757575758	0.00564971751412429	0	0	0	0	0	0	0
source_cancer_18_endothelial	0	0	0.00732600732600733	0.00550964187327824	0	0	0	0	0	0	0
source_cancer_2_endothelial	0	0	0.00754716981132075	0.00563380281690141	0	0	0	0	0	0	0
source_cancer_20_endothelial	0	0	0.00367647058823529	0.00276243093922652	0	0	0	0	0	0	0
source_cancer_21_endothelial	0	0	0.004	0.00294117647058824	0	0	0	0	0	0	0
source_cancer_22_endothelial	0	0	0.00392156862745098	0.00289855072463768	0	0	0	0	0	0	0
source_cancer_3_endothelial	0	0	0.00760456273764259	0.0056657223796034	0	0	0	0	0	0	0
source_cancer_4_endothelial	0	0	0.00754716981132075	0.00563380281690141	0	0	0	0	0	0	0
source_cancer_5_endothelial	0	0	0.00749063670411985	0.00560224089635854	0	0	0	0	0	0	0
source_cancer_6_endothelial	0	0	0.00386100386100386	0.00286532951289398	0	0	0	0	0	0	0
source_cancer_7_endothelial	0	0	0.0078125	0.00578034682080925	0	0	0	0	0	0	0
source_cancer_8_endothelial	0	0	0.00401606425702811	0.00294985250737463	0	0	0	0	0	0	0
source_cancer_9_endothelial	0	0	0.00757575757575758	0.00564971751412429	0	0	0	0	0	0	0
source_cancer_23_endothelial	0	0	0.00701754385964912	0.00533333333333333	0	0	0	0	0	0	0
source_cancer_15_endothelial	0	0	0.00769230769230769	0.00571428571428571	0	0	0	0	0	0	0
source_cancer_19_endothelial	0	0	0.0040650406504065	0.00297619047619048	0	0	0	0	0	0	0
source_cancer_0_T-cells	0.0285714285714286	0.0297029702970297	0.0226415094339623	0.0226628895184136	0	0.0416666666666667	0.0470588235294118	0	0	0	0.025974025974026
source_cancer_1_T-cells	0.0363636363636364	0.0470588235294118	0.0199203187250996	0.0176470588235294	0	0.0526315789473684	0.0571428571428571	0	0	0	0.032258064516129
source_cancer_10_T-cells	0.0294117647058824	0.0408163265306122	0.0228136882129278	0.0227920227920228	0	0.0428571428571429	0.0481927710843374	0	0	0	0.0266666666666667
source_cancer_11_T-cells	0.0289855072463768	0.0404040404040404	0.0227272727272727	0.0227272727272727	0	0.0422535211267606	0.0476190476190476	0	0	0	0.0263157894736842
source_cancer_12_T-cells	0.0303030303030303	0.0309278350515464	0.0229885057471264	0.02	0	0.0441176470588235	0.0493827160493827	0	0	0	0.0273972602739726
source_cancer_13_T-cells	0.0333333333333333	0.0444444444444444	0.0235294117647059	0.0173913043478261	0	0.0483870967741935	0.0533333333333333	0	0	0	0.0298507462686567
source_cancer_14_T-cells	0.03125	0.0208333333333333	0.0231660231660232	0.0142857142857143	0	0.0454545454545455	0.0506329113924051	0	0	0	0.028169014084507
source_cancer_16_T-cells	0.0350877192982456	0.0459770114942529	0.0238095238095238	0.0205278592375367	0	0.0508474576271186	0.0555555555555556	0	0	0	0.03125
source_cancer_18_T-cells	0.0363636363636364	0.0229885057471264	0.0199203187250996	0.0146627565982405	0	0.0526315789473684	0.0422535211267606	0	0	0	0.032258064516129
source_cancer_2_T-cells	0.0327868852459016	0.0326086956521739	0.0234375	0.0144092219020173	0	0.0476190476190476	0.0526315789473684	0	0	0	0.0294117647058824
source_cancer_20_T-cells	0.0307692307692308	0.0421052631578947	0.0230769230769231	0.0200573065902579	0	0.0447761194029851	0.05	0	0	0	0.0277777777777778
source_cancer_21_T-cells	0.0377358490566038	0.0481927710843374	0.0241935483870968	0.0177514792899408	0	0.0545454545454545	0.0588235294117647	0	0	0	0.0333333333333333
source_cancer_3_T-cells	0.0298507462686567	0.0412371134020619	0.0229007633587786	0.0228571428571429	0	0.0434782608695652	0.0487804878048781	0	0	0	0.027027027027027
source_cancer_4_T-cells	0.0307692307692308	0.0421052631578947	0.0230769230769231	0.0229885057471264	0	0.0447761194029851	0.05	0	0	0	0.0277777777777778
source_cancer_5_T-cells	0.0289855072463768	0.0404040404040404	0.0227272727272727	0.0198300283286119	0	0.0422535211267606	0.0476190476190476	0	0	0	0.0263157894736842
source_cancer_6_T-cells	0.032258064516129	0.0434782608695652	0.0233463035019455	0.0231884057971014	0	0.046875	0.051948051948052	0	0	0	0.0289855072463768
source_cancer_7_T-cells	0.0307692307692308	0.03125	0.0230769230769231	0.0229885057471264	0	0.0447761194029851	0.05	0	0	0	0.0277777777777778
source_cancer_8_T-cells	0.0384615384615385	0.0238095238095238	0.0242914979757085	0.014792899408284	0	0.0555555555555556	0.0597014925373134	0	0	0	0.0338983050847458
source_cancer_9_T-cells	0.0307692307692308	0.0421052631578947	0.0230769230769231	0.0229885057471264	0	0.0447761194029851	0.05	0	0	0	0.0277777777777778
source_cancer_17_T-cells	0.032258064516129	0.032258064516129	0.0233463035019455	0.0172910662824208	0	0.046875	0.051948051948052	0	0	0	0.0289855072463768
source_cancer_22_T-cells	0.0416666666666667	0.025	0.0204918032786885	0.0119402985074627	0	0.06	0.0634920634920635	0	0	0	0.0363636363636364
source_cancer_23_T-cells	0.0273972602739726	0.019047619047619	0.0223880597014925	0.0167597765363128	0	0.04	0.0454545454545455	0	0	0	0.025
source_cancer_15_T-cells	0.0298507462686567	0.0306122448979592	0.0229007633587786	0.0228571428571429	0	0.0434782608695652	0.0487804878048781	0	0	0	0.027027027027027
source_cancer_19_T-cells	0.0476190476190476	0.027027027027027	0.0210084033613445	0.0121580547112462	0	0.0681818181818182	0.0701754385964912	0	0	0	0.0408163265306122
source_cancer_0_ionocyte	0	0	0.00381679389312977	0.00284090909090909	0	0	0	0	0	0	0
source_cancer_14_ionocyte	0	0	0.00378787878787879	0.00282485875706215	0	0	0	0	0	0	0
source_cancer_23_ionocyte	0	0	0.0037593984962406	0.00280898876404494	0	0	0	0	0	0	0
source_cancer_18_ionocyte	0	0	0.00377358490566038	0.0028169014084507	0	0	0	0	0	0	0
source_cancer_6_ionocyte	0	0	0.00393700787401575	0.00290697674418605	0	0	0	0	0	0	0
source_cancer_11_ionocyte	0	0	0.00393700787401575	0.00290697674418605	0	0	0	0	0	0	0
source_cancer_21_ionocyte	0	0	0.00413223140495868	0.00301204819277108	0	0	0	0	0	0	0
source_cancer_22_ionocyte	0	0	0.00403225806451613	0.0029585798816568	0	0	0	0	0	0	0
source_cancer_3_ionocyte	0	0	0.00398406374501992	0.00293255131964809	0	0	0	0	0	0	0
source_cancer_4_ionocyte	0	0	0.00395256916996047	0.00291545189504373	0	0	0	0	0	0	0
source_cancer_9_ionocyte	0	0	0.00389105058365759	0.00288184438040346	0	0	0	0	0	0	0
source_cancer_10_ionocyte	0	0	0.00387596899224806	0.0028735632183908	0	0	0	0	0	0	0
source_cancer_12_ionocyte	0	0	0.00387596899224806	0.0028735632183908	0	0	0	0	0	0	0
source_cancer_13_ionocyte	0	0	0.00398406374501992	0.00293255131964809	0	0	0	0	0	0	0
source_cancer_15_ionocyte	0	0	0.00392156862745098	0.00289855072463768	0	0	0	0	0	0	0
source_cancer_16_ionocyte	0	0	0.00404858299595142	0.0029673590504451	0	0	0	0	0	0	0
source_cancer_17_ionocyte	0	0	0.004	0.00294117647058824	0	0	0	0	0	0	0
source_cancer_2_ionocyte	0	0	0.00389105058365759	0.00288184438040346	0	0	0	0	0	0	0
source_cancer_20_ionocyte	0	0	0.00381679389312977	0.00284090909090909	0	0	0	0	0	0	0
source_cancer_5_ionocyte	0	0	0.00384615384615385	0.00285714285714286	0	0	0	0	0	0	0
source_cancer_19_ionocyte	0	0	0.004149377593361	0.00302114803625378	0	0	0	0	0	0	0
source_cancer_7_ionocyte	0	0	0.00401606425702811	0.00294985250737463	0	0	0	0	0	0	0
source_cancer_1_ionocyte	0	0	0.00421940928270042	0.00305810397553517	0	0	0	0	0	0	0
source_cancer_8_ionocyte	0	0	0.00409836065573771	0.0029940119760479	0	0	0	0	0	0	0
source_cancer_10_melanocytes	0	0	0.00790513833992095	0.00583090379008746	0	0	0	0	0	0	0
source_cancer_18_melanocytes	0	0	0.00793650793650794	0.00584795321637427	0	0	0	0	0	0	0
source_cancer_19_melanocytes	0	0	0.00411522633744856	0.003003003003003	0	0	0	0	0	0	0
source_cancer_20_melanocytes	0	0	0.00392156862745098	0.00289855072463768	0	0	0	0	0	0	0
source_cancer_5_melanocytes	0	0	0.00784313725490196	0.00579710144927536	0	0	0	0	0	0	0
source_cancer_0_melanocytes	0	0	0.00784313725490196	0.00579710144927536	0	0	0	0	0	0	0
source_cancer_14_melanocytes	0	0	0.00778210116731518	0.00576368876080692	0	0	0	0	0	0	0
source_cancer_23_melanocytes	0	0	0.00775193798449612	0.00574712643678161	0	0	0	0	0	0	0
source_cancer_17_melanocytes	0	0	0.00809716599190283	0.00593471810089021	0	0	0	0	0	0	0
source_cancer_3_melanocytes	0	0	0.00806451612903226	0.00591715976331361	0	0	0	0	0	0	0
source_cancer_4_melanocytes	0	0	0.00796812749003984	0.00586510263929619	0	0	0	0	0	0	0
source_cancer_11_melanocytes	0	0	0.00396825396825397	0.00292397660818713	0	0	0	0	0	0	0
source_cancer_2_melanocytes	0	0	0.00796812749003984	0.00586510263929619	0	0	0	0	0	0	0
source_cancer_9_melanocytes	0	0	0.00793650793650794	0.00584795321637427	0	0	0	0	0	0	0
source_cancer_15_melanocytes	0	0	0.00793650793650794	0.00584795321637427	0	0	0	0	0	0	0
source_cancer_16_melanocytes	0	0	0.00411522633744856	0.003003003003003	0	0	0	0	0	0	0
source_cancer_13_melanocytes	0	0	0.00404858299595142	0.0029673590504451	0	0	0	0	0	0	0
source_cancer_21_melanocytes	0	0	0.00420168067226891	0.00304878048780488	0	0	0	0	0	0	0
source_cancer_1_melanocytes	0	0	0.00425531914893617	0.00307692307692308	0	0	0	0	0	0	0
source_cancer_12_melanocytes	0	0	0.00796812749003984	0.00586510263929619	0	0	0	0	0	0	0
source_cancer_22_melanocytes	0	0	0.004149377593361	0.00302114803625378	0	0	0	0	0	0	0
source_cancer_6_melanocytes	0	0	0.004	0.00294117647058824	0	0	0	0	0	0	0
source_cancer_7_melanocytes	0	0	0.00816326530612245	0.00597014925373134	0	0	0	0	0	0	0
source_cancer_8_melanocytes	0	0	0.00409836065573771	0.0029940119760479	0	0	0	0	0	0	0
source_cancer_20_basal_cell	0	0	0.00377358490566038	0.0028169014084507	0	0	0	0	0	0	0
source_cancer_0_basal_cell	0	0	0.00766283524904215	0.0056980056980057	0	0	0	0	0	0	0
source_cancer_12_basal_cell	0	0	0.00757575757575758	0.00564971751412429	0	0	0	0	0	0	0
source_cancer_14_basal_cell	0	0	0.00757575757575758	0.00564971751412429	0	0	0	0	0	0	0
source_cancer_15_basal_cell	0	0	0.00772200772200772	0.00573065902578797	0	0	0	0	0	0	0
source_cancer_16_basal_cell	0	0	0.00401606425702811	0.00294985250737463	0	0	0	0	0	0	0
source_cancer_17_basal_cell	0	0	0.0078125	0.00578034682080925	0	0	0	0	0	0	0
source_cancer_18_basal_cell	0	0	0.00772200772200772	0.00573065902578797	0	0	0	0	0	0	0
source_cancer_2_basal_cell	0	0	0.00772200772200772	0.00573065902578797	0	0	0	0	0	0	0
source_cancer_23_basal_cell	0	0	0.00749063670411985	0.00560224089635854	0	0	0	0	0	0	0
source_cancer_3_basal_cell	0	0	0.00793650793650794	0.00584795321637427	0	0	0	0	0	0	0
source_cancer_4_basal_cell	0	0	0.0078740157480315	0.00581395348837209	0	0	0	0	0	0	0
source_cancer_10_basal_cell	0	0	0.00769230769230769	0.00571428571428571	0	0	0	0	0	0	0
source_cancer_13_basal_cell	0	0	0.00395256916996047	0.00291545189504373	0	0	0	0	0	0	0
source_cancer_5_basal_cell	0	0	0.00769230769230769	0.00571428571428571	0	0	0	0	0	0	0
source_cancer_6_basal_cell	0	0	0.00396825396825397	0.00292397660818713	0	0	0	0	0	0	0
source_cancer_7_basal_cell	0	0	0.0078740157480315	0.00581395348837209	0	0	0	0	0	0	0
source_cancer_9_basal_cell	0	0	0.00784313725490196	0.00579710144927536	0	0	0	0	0	0	0
source_cancer_1_basal_cell	0	0	0.00421940928270042	0.00305810397553517	0	0	0	0	0	0	0
source_cancer_21_basal_cell	0	0	0.00416666666666667	0.00303030303030303	0	0	0	0	0	0	0
source_cancer_22_basal_cell	0	0	0.00403225806451613	0.0029585798816568	0	0	0	0	0	0	0
source_cancer_11_basal_cell	0	0	0.00395256916996047	0.00291545189504373	0	0	0	0	0	0	0
source_cancer_19_basal_cell	0	0	0.00425531914893617	0.00307692307692308	0	0	0	0	0	0	0
source_cancer_8_basal_cell	0	0	0.00413223140495868	0.00301204819277108	0	0	0	0	0	0	0
source_cancer_17_ciliated_cell	0	0	0.00423728813559322	0.00306748466257669	0	0	0	0	0	0	0
source_cancer_3_ciliated_cell	0	0	0.00421940928270042	0.00305810397553517	0	0	0	0	0	0	0
source_cancer_4_ciliated_cell	0	0	0.00423728813559322	0.00306748466257669	0	0	0	0	0	0	0
source_cancer_5_ciliated_cell	0	0	0.00411522633744856	0.003003003003003	0	0	0	0	0	0	0
source_cancer_0_ciliated_cell	0	0	0.00411522633744856	0.003003003003003	0	0	0	0	0	0	0
source_cancer_14_ciliated_cell	0	0	0.00411522633744856	0.003003003003003	0	0	0	0	0	0	0
source_cancer_23_ciliated_cell	0	0	0.0040650406504065	0.00297619047619048	0	0	0	0	0	0	0
source_cancer_11_ciliated_cell	0	0	0.00401606425702811	0.00294985250737463	0	0	0	0	0	0	0
source_cancer_19_ciliated_cell	0	0	0.00425531914893617	0.00307692307692308	0	0	0	0	0	0	0
source_cancer_13_ciliated_cell	0	0	0.00416666666666667	0.00303030303030303	0	0	0	0	0	0	0
source_cancer_15_ciliated_cell	0	0	0.00416666666666667	0.00303030303030303	0	0	0	0	0	0	0
source_cancer_16_ciliated_cell	0	0	0.00423728813559322	0.00306748466257669	0	0	0	0	0	0	0
source_cancer_18_ciliated_cell	0	0	0.00411522633744856	0.003003003003003	0	0	0	0	0	0	0
source_cancer_2_ciliated_cell	0	0	0.004149377593361	0.00302114803625378	0	0	0	0	0	0	0
source_cancer_20_ciliated_cell	0	0	0.00413223140495868	0.00301204819277108	0	0	0	0	0	0	0
source_cancer_21_ciliated_cell	0	0	0.00427350427350427	0.00308641975308642	0	0	0	0	0	0	0
source_cancer_10_ciliated_cell	0	0	0.00409836065573771	0.0029940119760479	0	0	0	0	0	0	0
source_cancer_12_ciliated_cell	0	0	0.00413223140495868	0.00301204819277108	0	0	0	0	0	0	0
source_cancer_1_ciliated_cell	0	0	0.00427350427350427	0.00308641975308642	0	0	0	0	0	0	0
source_cancer_22_ciliated_cell	0	0	0.00425531914893617	0.00307692307692308	0	0	0	0	0	0	0
source_cancer_6_ciliated_cell	0	0	0.00416666666666667	0.00303030303030303	0	0	0	0	0	0	0
source_cancer_7_ciliated_cell	0	0	0.00416666666666667	0.00303030303030303	0	0	0	0	0	0	0
source_cancer_8_ciliated_cell	0	0	0.00418410041841004	0.00303951367781155	0	0	0	0	0	0	0
source_cancer_9_ciliated_cell	0	0	0.00416666666666667	0.00303030303030303	0	0	0	0	0	0	0
source_cancer_11_hepatocyte	0	0	0.00403225806451613	0.0029585798816568	0	0	0	0	0	0	0
source_cancer_19_hepatocyte	0	0	0.00425531914893617	0.00307692307692308	0	0	0	0	0	0	0
source_cancer_2_hepatocyte	0	0	0.00401606425702811	0.00294985250737463	0	0	0	0	0	0	0
source_cancer_20_hepatocyte	0	0	0.00403225806451613	0.0029585798816568	0	0	0	0	0	0	0
source_cancer_9_hepatocyte	0	0	0.00403225806451613	0.0029585798816568	0	0	0	0	0	0	0
source_cancer_12_hepatocyte	0	0	0.00398406374501992	0.00293255131964809	0	0	0	0	0	0	0
source_cancer_0_hepatocyte	0	0	0.00398406374501992	0.00293255131964809	0	0	0	0	0	0	0
source_cancer_10_hepatocyte	0	0	0.00401606425702811	0.00294985250737463	0	0	0	0	0	0	0
source_cancer_14_hepatocyte	0	0	0.00396825396825397	0.00292397660818713	0	0	0	0	0	0	0
source_cancer_5_hepatocyte	0	0	0.004	0.00294117647058824	0	0	0	0	0	0	0
source_cancer_22_hepatocyte	0	0	0.00418410041841004	0.00303951367781155	0	0	0	0	0	0	0
source_cancer_15_hepatocyte	0	0	0.00404858299595142	0.0029673590504451	0	0	0	0	0	0	0
source_cancer_16_hepatocyte	0	0	0.00413223140495868	0.00301204819277108	0	0	0	0	0	0	0
source_cancer_17_hepatocyte	0	0	0.00416666666666667	0.00303030303030303	0	0	0	0	0	0	0
source_cancer_3_hepatocyte	0	0	0.00411522633744856	0.003003003003003	0	0	0	0	0	0	0
source_cancer_4_hepatocyte	0	0	0.00409836065573771	0.0029940119760479	0	0	0	0	0	0	0
source_cancer_23_hepatocyte	0	0	0.00404858299595142	0.0029673590504451	0	0	0	0	0	0	0
source_cancer_13_hepatocyte	0	0	0.00409836065573771	0.0029940119760479	0	0	0	0	0	0	0
source_cancer_18_hepatocyte	0	0	0.00404858299595142	0.0029673590504451	0	0	0	0	0	0	0
source_cancer_21_hepatocyte	0	0	0.00421940928270042	0.00305810397553517	0	0	0	0	0	0	0
source_cancer_1_hepatocyte	0	0	0.00421940928270042	0.00305810397553517	0	0	0	0	0	0	0
source_cancer_6_hepatocyte	0	0	0.00411522633744856	0.003003003003003	0	0	0	0	0	0	0
source_cancer_7_hepatocyte	0	0	0.00413223140495868	0.00301204819277108	0	0	0	0	0	0	0
source_cancer_8_hepatocyte	0	0	0.00413223140495868	0.00301204819277108	0	0	0	0	0	0	0
source_cancer_11_neuro_e_cell	0	0	0.00421940928270042	0.00305810397553517	0	0	0	0	0	0	0
source_cancer_19_neuro_e_cell	0	0	0.00421940928270042	0.00305810397553517	0	0	0	0	0	0	0
source_cancer_0_neuro_e_cell	0	0	0.00421940928270042	0.00305810397553517	0	0	0	0	0	0	0
source_cancer_10_neuro_e_cell	0	0	0.00425531914893617	0.00307692307692308	0	0	0	0	0	0	0
source_cancer_12_neuro_e_cell	0	0	0.00423728813559322	0.00306748466257669	0	0	0	0	0	0	0
source_cancer_13_neuro_e_cell	0	0	0.00425531914893617	0.00307692307692308	0	0	0	0	0	0	0
source_cancer_14_neuro_e_cell	0	0	0.00421940928270042	0.00305810397553517	0	0	0	0	0	0	0
source_cancer_15_neuro_e_cell	0	0	0.00427350427350427	0.00308641975308642	0	0	0	0	0	0	0
source_cancer_16_neuro_e_cell	0	0	0.00425531914893617	0.00307692307692308	0	0	0	0	0	0	0
source_cancer_17_neuro_e_cell	0	0	0.00421940928270042	0.00305810397553517	0	0	0	0	0	0	0
source_cancer_18_neuro_e_cell	0	0	0.00421940928270042	0.00305810397553517	0	0	0	0	0	0	0
source_cancer_2_neuro_e_cell	0	0	0.00421940928270042	0.00305810397553517	0	0	0	0	0	0	0
source_cancer_20_neuro_e_cell	0	0	0.00423728813559322	0.00306748466257669	0	0	0	0	0	0	0
source_cancer_21_neuro_e_cell	0	0	0	0	0	0	0	0	0	0	0
source_cancer_22_neuro_e_cell	0	0	0	0	0	0	0	0	0	0	0
source_cancer_23_neuro_e_cell	0	0	0.00421940928270042	0.00305810397553517	0	0	0	0	0	0	0
source_cancer_3_neuro_e_cell	0	0	0.00425531914893617	0.00307692307692308	0	0	0	0	0	0	0
source_cancer_4_neuro_e_cell	0	0	0.00425531914893617	0.00307692307692308	0	0	0	0	0	0	0
source_cancer_5_neuro_e_cell	0	0	0.00423728813559322	0.00306748466257669	0	0	0	0	0	0	0
source_cancer_6_neuro_e_cell	0	0	0.00423728813559322	0.00306748466257669	0	0	0	0	0	0	0
source_cancer_7_neuro_e_cell	0	0	0.00427350427350427	0.00308641975308642	0	0	0	0	0	0	0
source_cancer_9_neuro_e_cell	0	0	0.00421940928270042	0.00305810397553517	0	0	0	0	0	0	0
source_cancer_1_neuro_e_cell	0	0	0	0	0	0	0	0	0	0	0
source_cancer_8_neuro_e_cell	0	0	0	0	0	0	0	0	0	0	0
source_cancer_11_Neutrophils	0	0	0.00411522633744856	0.003003003003003	0	0	0	0	0	0	0
source_cancer_19_Neutrophils	0	0	0	0	0	0	0	0	0	0	0
source_cancer_10_Neutrophils	0	0	0.00409836065573771	0.0029940119760479	0	0	0	0	0	0	0
source_cancer_12_Neutrophils	0	0	0.00398406374501992	0.00293255131964809	0	0	0	0	0	0	0
source_cancer_14_Neutrophils	0	0	0.00395256916996047	0.00291545189504373	0	0	0	0	0	0	0
source_cancer_15_Neutrophils	0	0	0.00408163265306122	0.00298507462686567	0	0	0	0	0	0	0
source_cancer_16_Neutrophils	0	0	0.00418410041841004	0.00303951367781155	0	0	0	0	0	0	0
source_cancer_17_Neutrophils	0	0	0.00413223140495868	0.00301204819277108	0	0	0	0	0	0	0
source_cancer_2_Neutrophils	0	0	0.00401606425702811	0.00294985250737463	0	0	0	0	0	0	0
source_cancer_20_Neutrophils	0	0	0.00409836065573771	0.0029940119760479	0	0	0	0	0	0	0
source_cancer_21_Neutrophils	0	0	0.00420168067226891	0.00304878048780488	0	0	0	0	0	0	0
source_cancer_22_Neutrophils	0	0	0.00423728813559322	0.00306748466257669	0	0	0	0	0	0	0
source_cancer_3_Neutrophils	0	0	0.00413223140495868	0.00301204819277108	0	0	0	0	0	0	0
source_cancer_4_Neutrophils	0	0	0.00411522633744856	0.003003003003003	0	0	0	0	0	0	0
source_cancer_5_Neutrophils	0	0	0.00404858299595142	0.0029673590504451	0	0	0	0	0	0	0
source_cancer_7_Neutrophils	0	0	0.00411522633744856	0.003003003003003	0	0	0	0	0	0	0
source_cancer_9_Neutrophils	0	0	0.00411522633744856	0.003003003003003	0	0	0	0	0	0	0
source_cancer_0_Neutrophils	0	0	0.00401606425702811	0.00294985250737463	0	0	0	0	0	0	0
source_cancer_13_Neutrophils	0	0	0.00411522633744856	0.003003003003003	0	0	0	0	0	0	0
source_cancer_18_Neutrophils	0	0	0.00418410041841004	0.00303951367781155	0	0	0	0	0	0	0
source_cancer_23_Neutrophils	0	0	0.00401606425702811	0.00294985250737463	0	0	0	0	0	0	0
source_cancer_6_Neutrophils	0	0	0.004149377593361	0.00302114803625378	0	0	0	0	0	0	0
source_cancer_8_Neutrophils	0	0	0.00420168067226891	0.00304878048780488	0	0	0	0	0	0	0
source_cancer_1_Neutrophils	0	0	0	0	0	0	0	0	0	0	0
source_cancer_2_B-cells-PB	0	0	0.008	0.00293255131964809	0	0	0.0144927536231884	0	0	0	0
source_cancer_20_B-cells-PB	0	0	0.0078125	0.00288184438040346	0	0	0.0133333333333333	0	0	0	0
source_cancer_9_B-cells-PB	0	0	0.00806451612903226	0.00294985250737463	0	0	0.0149253731343284	0	0	0	0
source_cancer_22_B-cells-PB	0	0	0.00829875518672199	0.00301204819277108	0	0	0.0166666666666667	0	0	0	0
source_cancer_0_B-cells-PB	0	0	0.00793650793650794	0.00291545189504373	0	0	0.0140845070422535	0	0	0	0
source_cancer_10_B-cells-PB	0	0	0.00793650793650794	0.00291545189504373	0	0	0.0140845070422535	0	0	0	0
source_cancer_14_B-cells-PB	0	0	0.00778210116731518	0.0028735632183908	0	0	0.0131578947368421	0	0	0	0
source_cancer_5_B-cells-PB	0	0	0.00790513833992095	0.00290697674418605	0	0	0.0138888888888889	0	0	0	0
source_cancer_1_B-cells-PB	0	0	0.00843881856540084	0.00304878048780488	0	0	0.0178571428571429	0	0	0	0
source_cancer_11_B-cells-PB	0	0	0.00803212851405622	0.00294117647058824	0	0	0.0147058823529412	0	0	0	0
source_cancer_12_B-cells-PB	0	0	0.00790513833992095	0.00290697674418605	0	0	0.0138888888888889	0	0	0	0
source_cancer_15_B-cells-PB	0	0	0.00793650793650794	0.00291545189504373	0	0	0.0140845070422535	0	0	0	0
source_cancer_18_B-cells-PB	0	0	0.00398406374501992	0.00293255131964809	0	0	0	0	0	0	0
source_cancer_23_B-cells-PB	0	0	0.00775193798449612	0.00286532951289398	0	0	0.012987012987013	0	0	0	0
source_cancer_6_B-cells-PB	0	0	0.00806451612903226	0.00294985250737463	0	0	0.0149253731343284	0	0	0	0
source_cancer_7_B-cells-PB	0	0	0.00809716599190283	0.0029585798816568	0	0	0.0151515151515152	0	0	0	0
source_cancer_3_B-cells-PB	0	0	0.00819672131147541	0.00298507462686567	0	0	0.0158730158730159	0	0	0	0
source_cancer_4_B-cells-PB	0	0	0.00816326530612245	0.00297619047619048	0	0	0.015625	0	0	0	0
source_cancer_16_B-cells-PB	0	0	0.00826446280991736	0.003003003003003	0	0	0.0163934426229508	0	0	0	0
source_cancer_17_B-cells-PB	0	0	0.00813008130081301	0.0029673590504451	0	0	0.0153846153846154	0	0	0	0
source_cancer_13_B-cells-PB	0	0	0.00813008130081301	0.0029673590504451	0	0	0.0153846153846154	0	0	0	0
source_cancer_21_B-cells-PB	0	0	0.00836820083682008	0.00303030303030303	0	0	0.0172413793103448	0	0	0	0
source_cancer_8_B-cells-PB	0	0	0.00826446280991736	0.003003003003003	0	0	0.0163934426229508	0	0	0	0
source_cancer_19_B-cells-PB	0	0	0.00843881856540084	0.00304878048780488	0	0	0.0178571428571429	0	0	0	0
source_cancer_2_Mast-cells	0	0	0.00809716599190283	0.00593471810089021	0	0	0	0	0	0	0
source_cancer_20_Mast-cells	0	0	0.00819672131147541	0.00598802395209581	0	0	0	0	0	0	0
source_cancer_9_Mast-cells	0	0	0.00813008130081301	0.00595238095238095	0	0	0	0	0	0	0
source_cancer_0_Mast-cells	0	0	0.00806451612903226	0.00591715976331361	0	0	0	0	0	0	0
source_cancer_10_Mast-cells	0	0	0.00826446280991736	0.00602409638554217	0	0	0	0	0	0	0
source_cancer_14_Mast-cells	0	0	0.00796812749003984	0.00586510263929619	0	0	0	0	0	0	0
source_cancer_5_Mast-cells	0	0	0.00803212851405622	0.00589970501474926	0	0	0	0	0	0	0
source_cancer_11_Mast-cells	0	0	0.00816326530612245	0.00597014925373134	0	0	0	0	0	0	0
source_cancer_22_Mast-cells	0	0	0.004149377593361	0.00302114803625378	0	0	0	0	0	0	0
source_cancer_18_Mast-cells	0	0	0.00819672131147541	0.00598802395209581	0	0	0	0	0	0	0
source_cancer_15_Mast-cells	0	0	0.00823045267489712	0.00600600600600601	0	0	0	0	0	0	0
source_cancer_16_Mast-cells	0	0	0.00836820083682008	0.0060790273556231	0	0	0	0	0	0	0
source_cancer_17_Mast-cells	0	0	0.00833333333333333	0.00606060606060606	0	0	0	0	0	0	0
source_cancer_23_Mast-cells	0	0	0.008	0.00588235294117647	0	0	0	0	0	0	0
source_cancer_3_Mast-cells	0	0	0.00826446280991736	0.00602409638554217	0	0	0	0	0	0	0
source_cancer_4_Mast-cells	0	0	0.00819672131147541	0.00598802395209581	0	0	0	0	0	0	0
source_cancer_7_Mast-cells	0	0	0.00823045267489712	0.00600600600600601	0	0	0	0	0	0	0
source_cancer_1_Mast-cells	0	0	0.00423728813559322	0.00306748466257669	0	0	0	0	0	0	0
source_cancer_12_Mast-cells	0	0	0.00809716599190283	0.00593471810089021	0	0	0	0	0	0	0
source_cancer_13_Mast-cells	0	0	0.00819672131147541	0.00598802395209581	0	0	0	0	0	0	0
source_cancer_19_Mast-cells	0	0	0.00425531914893617	0.00307692307692308	0	0	0	0	0	0	0
source_cancer_21_Mast-cells	0	0	0.00843881856540084	0.00611620795107034	0	0	0	0	0	0	0
source_cancer_6_Mast-cells	0	0	0.00823045267489712	0.00600600600600601	0	0	0	0	0	0	0
source_cancer_8_Mast-cells	0	0	0.00416666666666667	0.00303030303030303	0	0	0	0	0	0	0
source_cancer_0_stroma	0	0	0.00401606425702811	0.00294985250737463	0	0	0	0	0	0	0
source_cancer_10_stroma	0	0	0.00408163265306122	0.00298507462686567	0	0	0	0	0	0	0
source_cancer_14_stroma	0	0	0.004	0.00294117647058824	0	0	0	0	0	0	0
source_cancer_20_stroma	0	0	0.00403225806451613	0.0029585798816568	0	0	0	0	0	0	0
source_cancer_5_stroma	0	0	0.00403225806451613	0.0029585798816568	0	0	0	0	0	0	0
source_cancer_11_stroma	0	0	0.00408163265306122	0.00298507462686567	0	0	0	0	0	0	0
source_cancer_22_stroma	0	0	0.00418410041841004	0.00303951367781155	0	0	0	0	0	0	0
source_cancer_15_stroma	0	0	0.00404858299595142	0.0029673590504451	0	0	0	0	0	0	0
source_cancer_16_stroma	0	0	0.00411522633744856	0.003003003003003	0	0	0	0	0	0	0
source_cancer_17_stroma	0	0	0.00408163265306122	0.00298507462686567	0	0	0	0	0	0	0
source_cancer_23_stroma	0	0	0.00395256916996047	0.00291545189504373	0	0	0	0	0	0	0
source_cancer_3_stroma	0	0	0.00411522633744856	0.003003003003003	0	0	0	0	0	0	0
source_cancer_4_stroma	0	0	0.00411522633744856	0.003003003003003	0	0	0	0	0	0	0
source_cancer_12_stroma	0	0	0.00403225806451613	0.0029585798816568	0	0	0	0	0	0	0
source_cancer_13_stroma	0	0	0.00408163265306122	0.00298507462686567	0	0	0	0	0	0	0
source_cancer_18_stroma	0	0	0.00404858299595142	0.0029673590504451	0	0	0	0	0	0	0
source_cancer_1_stroma	0	0	0.00423728813559322	0.00306748466257669	0	0	0	0	0	0	0
source_cancer_19_stroma	0	0	0.00427350427350427	0.00308641975308642	0	0	0	0	0	0	0
source_cancer_2_stroma	0	0	0.00404858299595142	0.0029673590504451	0	0	0	0	0	0	0
source_cancer_21_stroma	0	0	0.00425531914893617	0.00307692307692308	0	0	0	0	0	0	0
source_cancer_6_stroma	0	0	0.00411522633744856	0.003003003003003	0	0	0	0	0	0	0
source_cancer_7_stroma	0	0	0.0040650406504065	0.00297619047619048	0	0	0	0	0	0	0
source_cancer_8_stroma	0	0	0.004149377593361	0.00302114803625378	0	0	0	0	0	0	0
source_cancer_9_stroma	0	0	0.00408163265306122	0.00298507462686567	0	0	0	0	0	0	0
