AZ003_1	AZ003_2	AZ003_3	AZ003_4	AZ003_5
Angiogenesis	0.004739336492891	0	0.00694444444444444	0	0.00415800415800416
Apoptosis	0.0120192307692308	0.00390625	0.0072463768115942	0	0.013727560718057
Cell_Cycle	0.00884955752212389	0.00306748466257669	0.00480769230769231	0	0.00684261974584555
Differentiation	0.00825593395252838	0.0103092783505155	0	0.0037037037037037	0.0101476014760148
DNA_damage	0.0114285714285714	0.0135135135135135	0.00552486187845304	0.0228571428571429	0.0110887096774194
DNA_repair	0.0112994350282486	0.00649350649350649	0.00523560209424084	0.00531914893617021	0.00896414342629482
EMT	0.00580720092915215	0	0.00617283950617284	0.00628930817610063	0.00408163265306122
Hypoxia	0.0117924528301887	0.0111111111111111	0	0.00662251655629139	0.0113989637305699
Inflammation	0.0102389078498294	0.0033112582781457	0.0109289617486339	0.0111111111111111	0.0110552763819095
Invasion	0.0069284064665127	0.0105633802816901	0.00595238095238095	0.00606060606060606	0.00712105798575788
Metastasis	0.0261437908496732	0.0142045454545455	0.00843881856540084	0.0172413793103448	0.0211946050096339
Proliferation	0.00232018561484919	0.00359712230215827	0.00625	0	0.00408997955010225
Quiescence	0.004778972520908	0.00392156862745098	0.0072992700729927	0	0.00418848167539267
Stemness	0.011866235167206	0.0114613180515759	0.00858369098712446	0.00432900432900433	0.012464046021093
core_fitness	0.0415360501567398	0.0205761316872428	0.0129449838187702	0.00809061488673139	0.044011544011544
Oncogene	0.0446991404011461	0.0106122448979592	0.00719424460431655	0.00994575045207957	0.0429876410531972
Driver	0.0138613861386139	0.0045766590389016	0	0.00315457413249211	0.0115146147032772
Tumor_Suppressor	0.0252986647926915	0.00691244239631336	0.00531914893617021	0.00668449197860963	0.0260247234873129
lung_fitness	0.0629280821917808	0.0171813327141862	0.0085166784953868	0.00685417159064051	0.0682916579113259
lung_ctg	0	0	0	0	0
