AZ008_1	AZ008_2	AZ008_3
Angiogenesis	0	0	0
Apoptosis	0.00934579439252336	0.0128205128205128	0
Cell_Cycle	0.00564971751412429	0.00675675675675676	0
Differentiation	0.00413223140495868	0	0
DNA_damage	0.00666666666666667	0	0
DNA_repair	0	0	0
EMT	0	0	0
Hypoxia	0	0	0
Inflammation	0.0065359477124183	0.016260162601626	0
Invasion	0.0072992700729927	0	0
Metastasis	0.00970873786407767	0.0112994350282486	0.00578034682080925
Proliferation	0	0	0
Quiescence	0	0	0
Stemness	0.00492610837438424	0.00574712643678161	0.00591715976331361
core_fitness	0.00847457627118644	0.00176991150442478	0.0035778175313059
Oncogene	0.00646950092421442	0.00283822138126774	0.00189933523266857
Driver	0	0	0
Tumor_Suppressor	0	0.00143884892086331	0.00144927536231884
lung_fitness	0.00308129888599194	0.00142959256611866	0.000715137067938021
lung_ctg	0	0	0
