clone_1	clone_2	clone_3	clone_4	clone_5	clone_6	clone_7	clone_8	clone_9	clone_10
Angiogenesis	0	0.00172117039586919	0	0	0	0.0013986013986014	0	0.00246913580246914	0	0
Apoptosis	0	0.00523560209424084	0	0	0.00404040404040404	0.00424328147100424	0	0.0025062656641604	0	0
Cell_Cycle	0.00313479623824451	0.0109546165884194	0.01	0.0103092783505155	0.0106951871657754	0.00905562742561449	0	0.0129310344827586	0	0
Differentiation	0.00522193211488251	0.00851063829787234	0.0037593984962406	0	0.00476947535771065	0.00595238095238095	0.0078740157480315	0.00187265917602996	0	0
DNA_damage	0.0103448275862069	0.011437908496732	0	0.00595238095238095	0.00746268656716418	0.00668449197860963	0.00343642611683849	0.00911161731207289	0.0100502512562814	0
DNA_repair	0.0033112582781457	0.0145161290322581	0	0	0.00732600732600733	0.0105960264900662	0	0.0111607142857143	0.00476190476190476	0.00492610837438424
EMT	0.00366300366300366	0.0101010101010101	0	0	0.00773694390715667	0.00685871056241427	0.00367647058823529	0.00712589073634204	0	0
Hypoxia	0.0114068441064639	0.011965811965812	0.00680272108843537	0.00709219858156028	0.00984251968503937	0.00973574408901252	0.0153256704980843	0.00970873786407767	0.00578034682080925	0.00602409638554217
Inflammation	0.0136986301369863	0.0180032733224223	0.0113636363636364	0.0117647058823529	0.0130597014925373	0.0134048257372654	0.0207612456747405	0.00677200902934537	0.0099009900990099	0.0154639175257732
Invasion	0.003584229390681	0.0150753768844221	0.0062111801242236	0	0.0134615384615385	0.012311901504788	0.00359712230215827	0.0141509433962264	0.0053475935828877	0.00555555555555556
Metastasis	0.0144927536231884	0.0226928895612708	0	0.00892857142857143	0.0205128205128205	0.0175879396984925	0.0204678362573099	0.016260162601626	0.00389105058365759	0.00803212851405622
Proliferation	0.00740740740740741	0.0135593220338983	0.0065359477124183	0.00680272108843537	0.013671875	0.00687757909215956	0.0111940298507463	0.00956937799043062	0.0169491525423729	0.0236686390532544
Quiescence	0	0.0123239436619718	0.0155038759689922	0.016260162601626	0.00404858299595142	0.0085348506401138	0.0122448979591837	0.010126582278481	0	0.0135135135135135
Stemness	0.00581395348837209	0.0120481927710843	0.00440528634361234	0.00452488687782805	0.0136752136752137	0.0151133501259446	0.0117302052785924	0.00813008130081301	0.00793650793650794	0.00816326530612245
core_fitness	0.0236111111111111	0.0370731707317073	0.00978792822185971	0.00988467874794069	0.0325288562434418	0.0363636363636364	0.0351617440225035	0.0325960419091967	0.0141509433962264	0.00949367088607595
