clone_1	clone_2	clone_3
Angiogenesis	0	0	0
Apoptosis	0	0.00384615384615385	0.00970873786407767
Cell_Cycle	0	0	0
Differentiation	0	0.00763358778625954	0
DNA_damage	0.00840336134453781	0.00662251655629139	0.00684931506849315
DNA_repair	0	0	0
EMT	0	0.00352112676056338	0
Hypoxia	0	0.0109489051094891	0.00840336134453781
Inflammation	0	0.00326797385620915	0
Invasion	0	0.00344827586206897	0
Metastasis	0	0.0140449438202247	0.00492610837438424
Proliferation	0	0.00354609929078014	0
Quiescence	0	0.00386100386100386	0
Stemness	0	0.0170940170940171	0
core_fitness	0.00177619893428064	0.0246575342465753	0.0033955857385399
