clone_1	clone_2	clone_3	clone_4
Angiogenesis	0.00884955752212389	0	0.0043859649122807	0.00294985250737463
Apoptosis	0	0.00694444444444444	0.00888888888888889	0.0121212121212121
Cell_Cycle	0	0	0.0107671601615074	0.00248138957816377
Differentiation	0.00413223140495868	0.00719424460431655	0.00740740740740741	0.0107758620689655
DNA_damage	0	0.010752688172043	0.0168539325842697	0.0161725067385445
DNA_repair	0	0	0.00685871056241427	0.00519480519480519
EMT	0	0	0.00714285714285714	0.00561797752808989
Hypoxia	0	0.00625	0.0101449275362319	0.00864553314121038
Inflammation	0	0	0.00692520775623269	0.00529100529100529
Invasion	0	0	0.00708215297450425	0.00552486187845304
Metastasis	0	0.0208333333333333	0.0142857142857143	0.0163934426229508
Proliferation	0	0.00602409638554217	0.00285306704707561	0.00564971751412429
Quiescence	0.00943396226415094	0.00699300699300699	0.00294985250737463	0.00301204819277108
Stemness	0.00492610837438424	0.0126050420168067	0.0104031209362809	0.00938967136150235
core_fitness	0.00506756756756757	0.00797448165869218	0.0437890974084004	0.0301129234629862
