clone_1	clone_2	clone_3	clone_4	clone_5	clone_6	clone_7	clone_8	clone_9	clone_10	clone_11	clone_12	clone_13	clone_14	clone_15	clone_16	clone_17	clone_18	clone_19	clone_20	clone_21	clone_22
Angiogenesis	0.00449438202247191	0.00452488687782805	0.00496894409937888	0.00325379609544469	0.00163398692810458	0.00195694716242661	0.0045045045045045	0.0045045045045045	0.00581395348837209	0.00668896321070234	0.00395256916996047	0.00448430493273543	0	0	0	0	0.00625	0	0	0	0	0
Apoptosis	0.0137931034482759	0.0072992700729927	0.00879396984924623	0.011001100110011	0.00496688741721854	0.00198019801980198	0	0.0187793427230047	0	0.00505902192242833	0.00404858299595142	0.0090702947845805	0	0	0	0	0.00649350649350649	0	0.0108695652173913	0	0	0
Cell_Cycle	0.0159045725646123	0.0138169257340242	0.0127610208816705	0.00918367346938776	0.00744047619047619	0.00348432055749129	0.0034965034965035	0.0034965034965035	0	0.0106221547799697	0.0192307692307692	0.0105263157894737	0	0	0	0	0	0	0	0.00680272108843537	0	0
Differentiation	0.00699300699300699	0.0106035889070147	0.0107758620689655	0.00861244019138756	0.00815217391304348	0.0094488188976378	0	0.00284900284900285	0.00332225913621262	0.00827586206896552	0.005249343832021	0.00985221674876847	0	0	0	0	0	0	0.00440528634361234	0	0	0.004
DNA_damage	0.0104384133611691	0.0114638447971781	0.0119617224880383	0.00944386149003148	0.0108864696734059	0.0110497237569061	0.015625	0.0116731517509728	0.00478468899521531	0.0062992125984252	0.0069204152249135	0.00974025974025974	0	0.00793650793650794	0.00671140939597315	0.00806451612903226	0.0102040816326531	0	0.00740740740740741	0.00833333333333333	0.00662251655629139	0
DNA_repair	0.00610997963340122	0.0078397212543554	0.00705882352941176	0.00829875518672199	0.00763358778625954	0.00359066427289048	0	0.00371747211895911	0	0.0077639751552795	0.00668896321070234	0.00855614973262032	0	0	0	0	0	0	0	0	0	0
EMT	0.00431965442764579	0.00355871886120996	0.00364077669902913	0.00212539851222104	0.00317965023847377	0.00378787878787879	0	0.00416666666666667	0.0105820105820106	0.00486223662884927	0.003690036900369	0.0055005500550055	0	0	0	0	0.00561797752808989	0.00709219858156028	0	0	0	0
Hypoxia	0.0043956043956044	0.00719424460431655	0.0111111111111111	0.00645855758880517	0.00809061488673139	0.00191938579654511	0.00431034482758621	0.0174672489082969	0	0.00492610837438424	0.00380228136882129	0.0089086859688196	0	0	0	0	0	0	0.00925925925925926	0	0	0
Inflammation	0.0103734439834025	0.0150044130626655	0.0155502392344498	0.0157894736842105	0.015552099533437	0.00363636363636364	0.0154440154440154	0.0115384615384615	0	0.0158227848101266	0.00341296928327645	0.0140845070422535	0.0078740157480315	0	0.00657894736842105	0	0	0	0.0072463768115942	0	0.00649350649350649	0
Invasion	0.0107296137339056	0.008	0.0109223300970874	0.00850159404888417	0.00791139240506329	0.0075187969924812	0.0122950819672131	0.00816326530612245	0.0102564102564103	0.0113085621970921	0.0109090909090909	0.010989010989011	0.00900900900900901	0	0	0	0.00543478260869565	0	0.00819672131147541	0	0.0072463768115942	0
Metastasis	0.0226843100189036	0.0186125211505922	0.0249716231555051	0.019	0.0172661870503597	0.0184873949579832	0.0325732899022801	0.0192926045016077	0.0269230769230769	0.0175438596491228	0.0175438596491228	0.0206185567010309	0	0.00546448087431694	0.0247524752475248	0.00552486187845304	0.0159362549800797	0.00925925925925926	0.00520833333333333	0.00564971751412429	0.0195121951219512	0.00934579439252336
Proliferation	0.00871459694989107	0.00805729632945389	0.00979192166462668	0.00965665236051502	0.0112540192926045	0.00571428571428571	0.0127118644067797	0.00843881856540084	0.0106951871657754	0.00651465798045603	0.00746268656716418	0.0110864745011086	0	0.00952380952380952	0.0078125	0	0.00568181818181818	0	0	0	0.00769230769230769	0.0072992700729927
Quiescence	0.00227790432801822	0.00638686131386861	0.00880503144654088	0.00768386388583974	0.0033112582781457	0.00198412698412698	0.00465116279069767	0.00465116279069767	0	0.00847457627118644	0.0040650406504065	0.00679501698754247	0	0	0.00952380952380952	0	0	0	0	0	0	0
Stemness	0.0075046904315197	0.00840336134453781	0.007847533632287	0.0109561752988048	0.00428571428571429	0.00500834724540901	0.0129449838187702	0.00320512820512821	0.00381679389312977	0.00727802037845706	0.00879765395894428	0.0081799591002045	0	0	0.00495049504950495	0	0	0.00469483568075117	0	0	0.00490196078431373	0.004739336492891
core_fitness	0.0380313199105145	0.0494722955145119	0.0582444626743232	0.0500373412994772	0.0428979980934223	0.0397905759162304	0.0292397660818713	0.0292397660818713	0.0108191653786708	0.0524781341107872	0.0294117647058824	0.051948051948052	0	0	0.00848896434634975	0	0.00784929356357928	0.00665557404326123	0.00869565217391304	0	0.00675675675675676	0.0151515151515152
