clone_1	clone_2	clone_3	clone_4
Angiogenesis	0.00729040097205346	0.00665188470066519	0	0.00560747663551402
Apoptosis	0.00857843137254902	0.00674157303370787	0	0.0056390977443609
Cell_Cycle	0.00790067720090293	0.00778210116731518	0.00632911392405063	0.00795755968169761
Differentiation	0.00630252100840336	0.00690846286701209	0	0.00752508361204013
DNA_damage	0.0105017502917153	0.0123711340206186	0	0.0108991825613079
DNA_repair	0.00689655172413793	0.0100806451612903	0	0.00627240143369176
EMT	0.00713436385255648	0.00425531914893617	0	0.00551470588235294
Hypoxia	0.00962695547533093	0.00650759219088937	0	0.0102325581395349
Inflammation	0.00695249130938586	0.00202839756592292	0	0.00540540540540541
Invasion	0.00946745562130178	0.00420168067226891	0	0.00732600732600733
Metastasis	0.0165198237885463	0.0204841713221601	0	0.012987012987013
Proliferation	0.00835322195704057	0.010752688172043	0	0.00738007380073801
Quiescence	0.00366300366300366	0.00449438202247191	0.0114942528735632	0.00469924812030075
Stemness	0.00437158469945355	0.0055452865064695	0	0.00430663221360896
core_fitness	0.0633116883116883	0.0576923076923077	0.00348432055749129	0.0657084188911704
