clone_1	clone_2	clone_3	clone_4
Angiogenesis	0	0	0	0
Apoptosis	0.00936768149882904	0.0118577075098814	0	0
Cell_Cycle	0.00400801603206413	0.00617283950617284	0	0
Differentiation	0.00532859680284192	0.0051413881748072	0	0
DNA_damage	0.00636942675159236	0.00673400673400673	0.00520833333333333	0.0078125
DNA_repair	0.004149377593361	0.00324675324675325	0.00995024875621891	0
EMT	0.0111111111111111	0.003584229390681	0	0
Hypoxia	0.0136054421768707	0.0111524163568773	0.00606060606060606	0.0099009900990099
Inflammation	0.0105932203389831	0.0100334448160535	0	0
Invasion	0.0154185022026432	0.0214285714285714	0.0169491525423729	0.00869565217391304
Metastasis	0.0250965250965251	0.0259365994236311	0.00401606425702811	0.00540540540540541
Proliferation	0.00221238938053097	0.0072463768115942	0	0
Quiescence	0	0	0	0
Stemness	0.0115163147792706	0.00859598853868195	0.00408163265306122	0
core_fitness	0.0384615384615385	0.0362622036262204	0.0143312101910828	0.00880281690140845
