clone_1	clone_2	clone_3	clone_4	clone_5	clone_6	clone_7	clone_8	clone_9	clone_10	clone_11	clone_12	clone_13	clone_14	clone_15
Angiogenesis	0.00137741046831956	0	0	0	0.00147492625368732	0	0	0.00180831826401447	0	0.00132100396301189	0.00210526315789474	0.0012970168612192	0	0	0
Apoptosis	0.00278164116828929	0.00592592592592593	0	0.00486223662884927	0.00447761194029851	0.00530503978779841	0	0	0.00248756218905473	0.00400534045393859	0.00213219616204691	0.005249343832021	0.00609756097560976	0.00662251655629139	0.0114942528735632
Cell_Cycle	0.00764331210191083	0.00536912751677852	0.00242718446601942	0.00436681222707424	0.00677506775067751	0.00223214285714286	0.00578034682080925	0.0048780487804878	0	0.00366300366300366	0.00371747211895911	0.00239808153477218	0	0	0
Differentiation	0.00351699882766706	0.00369913686806412	0.00209643605870021	0.00532623169107856	0.00497512437810945	0.00194931773879142	0.00242718446601942	0.00293685756240822	0.00560747663551402	0.00339366515837104	0.00498338870431894	0.00558035714285714	0.00431965442764579	0	0
DNA_damage	0.0079155672823219	0.00837988826815642	0.00520833333333333	0.0091324200913242	0.0070323488045007	0.00956937799043062	0.00943396226415094	0.00681431005110733	0.00677200902934537	0.00760456273764259	0.00984251968503937	0.00872817955112219	0.00810810810810811	0.0103626943005181	0
DNA_repair	0.00519480519480519	0.0110497237569061	0.0102040816326531	0.00748502994011976	0.00554016620498615	0.0117096018735363	0.0060790273556231	0.0134907251264755	0.0133333333333333	0.0100376411543287	0.00576923076923077	0.0111111111111111	0.0105540897097625	0	0
EMT	0.00134408602150538	0.00285306704707561	0	0.00311526479750779	0.00432276657060519	0.00498753117206983	0	0.00350877192982456	0.00234741784037559	0.00258397932816537	0.0040650406504065	0.00253807106598985	0.0028328611898017	0.00571428571428571	0
Hypoxia	0.00683060109289617	0.00870827285921625	0.00842696629213483	0.00952380952380952	0.00730994152046784	0.010230179028133	0.00341296928327645	0.00714285714285714	0.00479616306954436	0.0105263157894737	0.0062111801242236	0.0077319587628866	0.00581395348837209	0	0
Inflammation	0.00392670157068063	0.00554785020804438	0.00516795865633075	0.00452488687782805	0.00418994413407821	0.00472813238770686	0	0.00337837837837838	0.00223214285714286	0.00377358490566038	0.00389105058365759	0.00370828182941904	0.010752688172043	0.0050761421319797	0.0075187969924812
Invasion	0.00535475234270415	0.00424929178470255	0.00539083557951483	0.00619195046439629	0.00285306704707561	0.00738916256157635	0.0065359477124183	0.00521739130434783	0.00697674418604651	0.0103359173126615	0.0101010101010101	0.00759493670886076	0.00558659217877095	0	0
Metastasis	0.0160891089108911	0.0183006535947712	0.0183908045977011	0.0183875530410184	0.0157687253613666	0.0148305084745763	0.0188679245283019	0.0172684458398744	0.0202839756592292	0.0167064439140811	0.0160427807486631	0.0188235294117647	0.018957345971564	0.0202429149797571	0.0053475935828877
Proliferation	0.00677506775067751	0.00718390804597701	0.0138888888888889	0.00943396226415094	0.00578871201157742	0.0126262626262626	0.0101010101010101	0.00884955752212389	0.0119047619047619	0.00650195058517555	0.00819672131147541	0.00767263427109974	0.00859598853868195	0.00578034682080925	0
Quiescence	0.00139082058414465	0.0029585798816568	0	0.00161812297734628	0.0014903129657228	0.0026525198938992	0	0.00183150183150183	0	0.00267022696929239	0.00213675213675214	0.00262123197903014	0	0	0
Stemness	0.0061576354679803	0.0038860103626943	0.00228310502283105	0.00561797752808989	0.00918635170603675	0.00422832980972516	0.00537634408602151	0.00782472613458529	0.00808080808080808	0.00593119810201661	0.00711743772241993	0.00818713450292398	0.00235294117647059	0.00404858299595142	0.00546448087431694
core_fitness	0.0395869191049914	0.04014272970562	0.0323383084577114	0.0473036896877956	0.0403587443946188	0.030952380952381	0.0240963855421687	0.0391566265060241	0.0336817653890825	0.0429292929292929	0.0368364030335861	0.0424292845257903	0.0407643312101911	0.00947867298578199	0.00174216027874564
