clone_1	clone_2	clone_3	clone_4	clone_5	clone_6	clone_7	clone_8	clone_9	clone_10
Angiogenesis	0.00779727095516569	0	0	0	0.00543478260869565	0.00709219858156028	0.005	0.00862068965517241	0.00617283950617284	0
Apoptosis	0.00788954635108481	0.00593471810089021	0.00282485875706215	0.00490196078431373	0.00831024930747922	0.00897666068222621	0.0103626943005181	0.00873362445414847	0.0126582278481013	0.0147058823529412
Cell_Cycle	0.00693240901213172	0.00738916256157635	0.00950118764845606	0.00732600732600733	0.00696055684454756	0.00476947535771065	0	0.00757575757575758	0.00775193798449612	0.0036231884057971
Differentiation	0.0141287284144427	0.0106609808102345	0.012396694214876	0.00890207715133531	0.0101214574898785	0.0130813953488372	0.00303951367781155	0.011864406779661	0.0111111111111111	0.00588235294117647
DNA_damage	0.0109489051094891	0.0105820105820106	0.0127226463104326	0.00813008130081301	0.0124378109452736	0.010016694490818	0.0214592274678112	0.00798403193612774	0.0139664804469274	0.00401606425702811
DNA_repair	0.00355871886120996	0.00512820512820513	0.00740740740740741	0.00389105058365759	0.00240384615384615	0.0032626427406199	0.00404858299595142	0.005859375	0.00268817204301075	0.00386100386100386
EMT	0.00943396226415094	0.00554016620498615	0.0106666666666667	0	0.00779220779220779	0.0103448275862069	0.00458715596330275	0.0103950103950104	0.0117647058823529	0.00873362445414847
Hypoxia	0.0173745173745174	0.0142857142857143	0.0136612021857923	0.0137614678899083	0.00795755968169761	0.0140350877192982	0.0144230769230769	0.0127118644067797	0.00900900900900901	0.00904977375565611
Inflammation	0.00905797101449275	0.00785340314136126	0.00753768844221105	0.00803212851405622	0.00737100737100737	0.00662251655629139	0.0126050420168067	0.00594059405940594	0.00826446280991736	0.012
Invasion	0.011214953271028	0.00819672131147541	0.00785340314136126	0.00427350427350427	0.0154639175257732	0.00851788756388416	0.0180995475113122	0.00819672131147541	0.0115606936416185	0.00851063829787234
Metastasis	0.0338409475465313	0.0305164319248826	0.0364464692482916	0.0304054054054054	0.0311111111111111	0.0327613104524181	0.0314685314685315	0.03690036900369	0.0294117647058824	0.0165562913907285
Proliferation	0.0113851992409867	0.00837988826815642	0.00802139037433155	0.0133928571428571	0.00520833333333333	0.0103806228373702	0.00462962962962963	0.00833333333333333	0.00884955752212389	0.00881057268722467
Quiescence	0.0099009900990099	0.00595238095238095	0.00854700854700855	0.0099009900990099	0.00276243093922652	0.00718132854578097	0.0104166666666667	0.00655021834061135	0.00949367088607595	0.00980392156862745
Stemness	0.0066334991708126	0.00928074245939675	0.00669642857142857	0.00668896321070234	0.00217864923747277	0.00920245398773006	0.0104166666666667	0.00904159132007233	0.00483091787439614	0
core_fitness	0.0428422152560084	0.0363864491844417	0.035670356703567	0.0282317979197623	0.0390720390720391	0.041708043694141	0.0271084337349398	0.0394304490690033	0.0399484536082474	0.0312035661218425
