clone_1	clone_2	clone_3	clone_4	clone_5	clone_6	clone_7	clone_8	clone_9	clone_10	clone_11	clone_12	clone_13	clone_14	clone_15	clone_16	clone_17	clone_18	clone_19	clone_20	clone_21	clone_22	clone_23	clone_24	clone_25	clone_26	clone_27	clone_28	clone_29	clone_30	clone_31	clone_32	clone_33	clone_34	clone_35	clone_36	clone_37	clone_38	clone_39	clone_40	clone_41	clone_42	clone_43	clone_44	clone_45	clone_46	clone_47	clone_48	clone_49	clone_50	clone_51	clone_52	clone_53	clone_54	clone_55	clone_56	clone_57	clone_58	clone_59	clone_60	clone_61	clone_62	clone_63	clone_64	clone_65	clone_66	clone_67	clone_68	clone_69	clone_70
Angiogenesis	0	0	0	0.00131578947368421	0	0	0	0	0	0	0	0	0	0	0	0	0	0	0	0	0	0	0	0	0	0	0	0	0	0	0	0	0	0	0	0	0	0	0	0	0	0	0	0	0	0	0	0	0	0	0	0	0	0	0	0	0	0	0	0	0	0	0	0	0	0	0	0	0	0
Apoptosis	0.0131578947368421	0	0	0.00398936170212766	0	0.00284090909090909	0.00413223140495868	0.0087719298245614	0	0	0	0	0	0	0	0	0	0.00552486187845304	0	0	0	0	0	0	0	0	0	0	0	0	0	0	0	0	0	0	0.00970873786407767	0	0	0	0	0	0	0	0	0	0	0	0	0	0.0111111111111111	0	0	0	0.0138888888888889	0	0	0	0	0	0	0	0	0	0	0.01	0	0	0	0
Cell_Cycle	0	0	0	0.00364963503649635	0	0.00388098318240621	0.0050314465408805	0	0.00719424460431655	0	0	0	0	0	0	0	0	0.00398406374501992	0	0	0.00632911392405063	0.00641025641025641	0	0	0	0	0	0	0	0.00684931506849315	0	0	0.00684931506849315	0.00714285714285714	0	0	0	0	0	0	0	0	0	0	0	0	0	0	0	0	0	0	0	0	0	0	0	0	0	0	0	0	0	0	0	0	0.00709219858156028	0	0	0
Differentiation	0	0	0	0.00564971751412429	0	0.00718562874251497	0.00699300699300699	0.00550964187327824	0	0	0	0	0	0	0	0	0	0.012779552715655	0.00478468899521531	0	0	0	0	0.00465116279069767	0.00480769230769231	0	0	0	0	0	0	0	0	0	0	0	0.00420168067226891	0	0	0.003584229390681	0	0	0	0	0.00485436893203883	0	0	0	0	0	0	0.00454545454545455	0	0	0	0	0	0	0	0	0	0	0	0	0	0	0	0	0	0
DNA_damage	0	0	0	0.00884955752212389	0	0.0121621621621622	0.00915032679738562	0.00367647058823529	0	0	0.00833333333333333	0.008	0	0	0	0	0	0.00446428571428571	0	0	0	0	0	0	0	0	0	0	0	0.00840336134453781	0	0	0	0	0	0	0	0	0	0.0053475935828877	0	0.00769230769230769	0	0	0	0	0.00826446280991736	0	0	0	0.0075187969924812	0	0	0	0	0	0	0	0	0	0.00709219858156028	0	0	0.00709219858156028	0	0	0	0.00806451612903226	0	0
DNA_repair	0	0	0	0.0112640801001252	0	0.00930851063829787	0.0116429495472186	0.00354609929078014	0	0	0	0	0	0	0	0.008	0.00680272108843537	0.0129310344827586	0.0078740157480315	0.00704225352112676	0	0	0	0	0	0	0	0.00826446280991736	0	0	0	0	0.00775193798449612	0	0	0	0.00641025641025641	0	0	0.0102040816326531	0.00826446280991736	0	0.0075187969924812	0	0	0.00746268656716418	0	0	0	0.0075187969924812	0	0	0.00735294117647059	0	0	0.00680272108843537	0	0.00719424460431655	0	0	0.00662251655629139	0	0	0	0	0	0.00806451612903226	0.00746268656716418	0	0.00689655172413793
EMT	0	0	0	0.00516129032258065	0	0.00412654745529574	0.00534045393858478	0.00395256916996047	0	0	0	0	0	0	0	0	0	0.00980392156862745	0.0102040816326531	0	0	0	0	0	0	0	0.00961538461538462	0	0	0	0	0.00869565217391304	0	0	0	0	0.0078740157480315	0.00900900900900901	0.00961538461538462	0.0119760479041916	0	0.00900900900900901	0.00961538461538462	0	0	0	0	0	0	0	0.0087719298245614	0	0	0	0	0	0	0	0	0.01	0.00819672131147541	0.0101010101010101	0.0105263157894737	0	0	0	0	0	0	0
Hypoxia	0	0	0	0.00390625	0	0.00417246175243394	0.00404312668463612	0.00408163265306122	0	0	0	0	0	0	0	0	0	0.0102040816326531	0	0	0	0	0	0	0	0	0	0	0	0	0	0	0	0	0	0	0	0.00970873786407767	0	0.00625	0	0	0.0104166666666667	0	0	0	0	0	0	0	0.00943396226415094	0	0	0	0	0	0	0	0	0.0108695652173913	0	0.010989010989011	0.0114942528735632	0.0087719298245614	0	0	0	0	0	0
Inflammation	0	0	0	0.00881612090680101	0	0.0053475935828877	0.00518806744487678	0.0147058823529412	0.00869565217391304	0	0	0	0	0	0	0	0.00714285714285714	0.0133333333333333	0.00833333333333333	0	0.00746268656716418	0.00757575757575758	0	0	0.00840336134453781	0.00869565217391304	0	0	0	0	0	0.0072992700729927	0.00819672131147541	0	0.00813008130081301	0	0	0	0	0.0159574468085106	0	0	0	0.0151515151515152	0	0	0	0.00840336134453781	0	0	0	0	0.00775193798449612	0	0	0	0.00757575757575758	0.00757575757575758	0	0.0165289256198347	0	0	0	0	0	0	0	0.0078740157480315	0.00775193798449612	0.0072463768115942
Invasion	0	0	0	0.00641025641025641	0	0.00546448087431694	0.00529801324503311	0.00386100386100386	0	0	0	0	0	0	0	0	0	0.0143540669856459	0	0.00840336134453781	0	0	0	0	0	0	0	0	0	0	0.0102040816326531	0	0	0	0	0	0	0	0	0.0115606936416185	0	0	0	0	0.0099009900990099	0	0	0	0	0	0	0	0	0	0	0	0	0	0	0	0	0	0	0	0	0	0	0	0	0
Metastasis	0	0.00561797752808989	0	0.0251798561151079	0	0.0280612244897959	0.0234567901234568	0.03125	0	0	0	0	0.00588235294117647	0	0.00595238095238095	0	0.0103626943005181	0.032967032967033	0.00574712643678161	0.00529100529100529	0.0106951871657754	0	0	0	0	0.0119047619047619	0.00555555555555556	0	0	0.00568181818181818	0	0.00523560209424084	0	0	0.00564971751412429	0	0.0149253731343284	0	0.00555555555555556	0.00823045267489712	0	0.010752688172043	0	0	0	0.00552486187845304	0	0	0	0	0.0268817204301075	0	0	0	0	0.0103626943005181	0.00537634408602151	0.00537634408602151	0	0.00568181818181818	0.0153061224489796	0	0	0.0257731958762887	0	0.0151515151515152	0.00584795321637427	0.0111111111111111	0.0165745856353591	0
Proliferation	0.0102040816326531	0	0	0.00778210116731518	0	0.00970873786407767	0.00670241286863271	0	0	0	0.0101010101010101	0	0	0	0	0	0.00862068965517241	0.00492610837438424	0	0.00900900900900901	0	0	0	0	0	0	0.00980392156862745	0	0	0	0	0	0	0	0.0101010101010101	0	0	0	0	0.00602409638554217	0	0	0	0	0	0	0	0	0	0.00980392156862745	0	0	0	0	0	0	0	0	0	0	0.00833333333333333	0.0103092783505155	0	0	0	0	0	0	0	0
Quiescence	0	0	0	0.00132802124833997	0	0.00142045454545455	0.00137551581843191	0	0	0	0	0	0	0	0	0	0	0	0	0	0	0	0	0	0	0	0	0	0	0	0	0	0	0	0	0	0	0	0	0	0	0	0	0	0	0	0	0	0	0	0	0	0	0	0	0	0	0	0	0	0	0	0	0	0	0	0	0	0	0
Stemness	0	0	0	0.00591016548463357	0	0.00375469336670839	0.00855745721271394	0.00928792569659443	0	0	0	0	0	0	0	0	0	0.0036101083032491	0.00588235294117647	0	0.0109289617486339	0.00549450549450549	0	0	0	0	0	0	0	0	0	0	0	0	0	0	0	0	0	0.00416666666666667	0	0	0	0.00546448087431694	0	0	0	0	0	0	0	0	0.00558659217877095	0	0	0	0.00549450549450549	0.00549450549450549	0	0.00581395348837209	0	0	0	0	0	0	0	0.00564971751412429	0.00558659217877095	0
core_fitness	0.00355871886120996	0.00532859680284192	0.00359066427289048	0.0498732037193576	0.0017825311942959	0.0474100087796313	0.0464716006884682	0.0257510729613734	0.00179856115107914	0	0.00533807829181495	0.00706713780918728	0.00179533213644524	0.00357142857142857	0.0018018018018018	0.00178890876565295	0.0157068062827225	0.0276497695852535	0	0.0140597539543058	0.0105263157894737	0.00701754385964912	0.00179533213644524	0.00530973451327434	0.00178571428571429	0	0.00353356890459364	0	0	0	0	0.00695652173913044	0	0.00179533213644524	0.00533807829181495	0	0.0137221269296741	0.00524475524475524	0.00353356890459364	0.0193548387096774	0	0.00349040139616056	0.0088809946714032	0.00700525394045534	0.0017921146953405	0.00352733686067019	0.00711743772241993	0	0.0070298769771529	0.00709219858156028	0.0087260034904014	0.00526315789473684	0.00351493848857645	0	0.00178890876565295	0.0104166666666667	0.0034965034965035	0.00525394045534151	0	0.00177619893428064	0.00514579759862779	0.0035650623885918	0	0.00860585197934595	0.0106007067137809	0.0103092783505155	0	0.00176056338028169	0.00528169014084507	0.0104529616724739
