clone_1	clone_2	clone_3	clone_4	clone_5	clone_6
Angiogenesis	0	0	0	0	0	0.0123456790123457
Apoptosis	0	0.0101522842639594	0.00769230769230769	0	0	0
Cell_Cycle	0	0	0	0	0.0160642570281124	0
Differentiation	0	0	0.00377358490566038	0	0.00632911392405063	0
DNA_damage	0	0.00833333333333333	0	0.00641025641025641	0.00892857142857143	0
DNA_repair	0	0.00398406374501992	0.00546448087431694	0.00602409638554217	0	0
EMT	0	0.0045045045045045	0.00649350649350649	0	0.00485436893203883	0
Hypoxia	0	0.00467289719626168	0.00684931506849315	0	0.00505050505050505	0
Inflammation	0	0.00823045267489712	0.023121387283237	0	0.00881057268722467	0
Invasion	0	0	0	0.00699300699300699	0.00471698113207547	0
Metastasis	0	0.0101351351351351	0	0	0.0107142857142857	0.00571428571428571
Proliferation	0	0.0091324200913242	0	0.00740740740740741	0.00985221674876847	0
Quiescence	0	0.0050761421319797	0.00775193798449612	0.00892857142857143	0.00552486187845304	0
Stemness	0	0.013745704467354	0	0.00478468899521531	0.0072202166064982	0
core_fitness	0	0.0238805970149254	0.0114566284779051	0.0186440677966102	0.0229007633587786	0.0035650623885918
