clone_1	clone_2	clone_3	clone_4	clone_5	clone_6
Angiogenesis	0.00925925925925926	0	0	0	0	0
Apoptosis	0.00980392156862745	0	0	0	0.00460829493087558	0
Cell_Cycle	0	0	0	0	0.00348432055749129	0
Differentiation	0	0	0	0	0.0056980056980057	0
DNA_damage	0	0	0	0	0.0155642023346304	0
DNA_repair	0	0	0	0	0.00743494423791822	0
EMT	0	0	0	0	0.00833333333333333	0.00952380952380952
Hypoxia	0	0	0	0	0.0173913043478261	0.0103092783505155
Inflammation	0	0	0	0	0	0
Invasion	0	0	0	0	0.00813008130081301	0
Metastasis	0.015	0.00591715976331361	0	0.0111111111111111	0.0127388535031847	0
Proliferation	0	0	0	0	0.00840336134453781	0
Quiescence	0	0	0	0	0	0
Stemness	0	0	0	0	0.00641025641025641	0
core_fitness	0.00511073253833049	0	0	0.00352733686067019	0.0291970802919708	0.00530035335689046
