TH158_1	TH158_2	TH158_3	TH158_4	TH158_5	TH158_6
Angiogenesis	0.00925925925925926	0	0	0	0	0
Apoptosis	0.00980392156862745	0	0	0	0.00460829493087558	0
Cell_Cycle	0	0	0	0	0.00348432055749129	0
Differentiation	0	0	0	0	0.0056980056980057	0
DNA_damage	0	0	0	0	0.0155642023346304	0
DNA_repair	0	0	0	0	0.00743494423791822	0
EMT	0	0	0	0	0.00833333333333333	0.00952380952380952
Hypoxia	0	0	0	0	0.0173913043478261	0.0103092783505155
Inflammation	0	0	0	0	0	0
Invasion	0	0	0	0	0.00813008130081301	0
Metastasis	0.015	0.00591715976331361	0	0.0111111111111111	0.0127388535031847	0
Proliferation	0	0	0	0	0.00840336134453781	0
Quiescence	0	0	0	0	0	0
Stemness	0	0	0	0	0.00641025641025641	0
core_fitness	0.00511073253833049	0	0	0.00352733686067019	0.0291970802919708	0.00530035335689046
Oncogene	0.0037037037037037	0.000952380952380952	0.00189933523266857	0.00283018867924528	0.0169635284139101	0.00188501413760603
Driver	0	0	0	0	0.0050251256281407	0
Tumor_Suppressor	0	0	0	0	0.00967351874244256	0
lung_fitness	0.00284697508896797	0.000238492725971858	0.000238265427686443	0.00142857142857143	0.0161479054528434	0.00142857142857143
lung_ctg	0	0	0	0	0	0
