TH171_1	TH171_2	TH171_3	TH171_4	TH171_5	TH171_6	TH171_7	TH171_8	TH171_9	TH171_10	TH171_11	TH171_12	TH171_13	TH171_14	TH171_15	TH171_16	TH171_17	TH171_18	TH171_19	TH171_20
Angiogenesis	0.00558659217877095	0.00710227272727273	0.00439238653001464	0.003003003003003	0.00441826215022091	0.00327332242225859	0.00526315789473684	0.00431034482758621	0.00342465753424658	0.00725513905683192	0.00311526479750779	0.00278940027894003	0.00455580865603645	0.0111111111111111	0.00207900207900208	0.00523560209424084	0.0192307692307692	0.004	0.0065359477124183	0
Apoptosis	0.00563380281690141	0.00428571428571429	0.00294985250737463	0.0076103500761035	0.00745156482861401	0.00496688741721854	0.00353982300884956	0.0058055152394775	0.0105633802816901	0.00486026731470231	0.00958466453674121	0.00422535211267606	0.00694444444444444	0	0.00847457627118644	0.008	0	0.00608519269776876	0.00666666666666667	0.00471698113207547
Cell_Cycle	0.0195058517555267	0.0224867724867725	0.0190217391304348	0.0180806675938804	0.0149659863945578	0.0180451127819549	0.0192	0.00792602377807133	0.00563380281690141	0.0193181818181818	0.0025974025974026	0.0168831168831169	0.0120240480961924	0.00408163265306122	0.0186567164179104	0.00448430493273543	0	0.00354609929078014	0.0108695652173913	0
Differentiation	0.0107142857142857	0.0133010882708585	0.00866336633663366	0.0101394169835234	0.0112219451371571	0.0067842605156038	0.00429184549356223	0.00852618757612668	0.00956937799043062	0.0105042016806723	0.00222222222222222	0.00952380952380952	0.00706713780918728	0.00647249190938511	0.0115894039735099	0.00785854616895874	0	0.0096	0.0115740740740741	0
DNA_damage	0.00933333333333333	0.0122116689280868	0.0111888111888112	0.0143884892086331	0.0141043723554302	0.00775193798449612	0.0116086235489221	0.010989010989011	0.00917431192660551	0.0104529616724739	0.0169971671388102	0.00934579439252336	0.0148619957537155	0.00458715596330275	0.013671875	0.0144578313253012	0.00704225352112676	0.0131578947368421	0.0147058823529412	0.0118577075098814
DNA_repair	0.0118733509234828	0.0120481927710843	0.0110344827586207	0.00704225352112676	0.00969529085872576	0.00763358778625954	0.00486223662884927	0.00810810810810811	0.00890207715133531	0.0114942528735632	0.010958904109589	0.00789473684210526	0.00411522633744856	0.0043859649122807	0.00570342205323194	0.00232558139534884	0	0.0073394495412844	0.00282485875706215	0
EMT	0.00682128240109141	0.00692520775623269	0.00859598853868195	0.00734214390602056	0.00430416068866571	0.00637958532695375	0.00681431005110733	0.00420168067226891	0.0032258064516129	0.00591016548463357	0	0.00683060109289617	0.00437636761487965	0	0.00603621730382294	0.00249376558603491	0	0.00192678227360308	0.00307692307692308	0
Hypoxia	0.00968188105117566	0.00700280112044818	0.0101596516690856	0.00892857142857143	0.0116959064327485	0.00972447325769854	0.0121527777777778	0.00997150997150997	0.00664451827242525	0.00958083832335329	0.00606060606060606	0.00969529085872576	0.0112107623318386	0	0.0144329896907217	0.0180878552971576	0.00869565217391304	0.0118577075098814	0.0127388535031847	0.00881057268722467
Inflammation	0.0119840213049268	0.00943396226415094	0.011142061281337	0.00998573466476462	0.0112044817927171	0.015552099533437	0.00988467874794069	0.0109439124487004	0.0121580547112462	0.0092485549132948	0.00835654596100279	0.012	0.0169133192389006	0.00909090909090909	0.0135922330097087	0.0119331742243437	0	0.0111940298507463	0.0205278592375367	0.01171875
Invasion	0.00813008130081301	0.00825309491059147	0.00995732574679943	0.00727802037845706	0.00857142857142857	0.00791139240506329	0.00844594594594595	0.00977653631284916	0.012779552715655	0.00823529411764706	0.0087463556851312	0.00814111261872456	0.00867678958785249	0.00980392156862745	0.00998003992015968	0.0099009900990099	0	0.00959692898272553	0.00911854103343465	0.00413223140495868
Metastasis	0.0238993710691824	0.0203303684879288	0.0222804718217562	0.0255720053835801	0.0291777188328912	0.0216763005780347	0.0214395099540582	0.0245478036175711	0.015748031496063	0.0209251101321586	0.00970873786407767	0.0239294710327456	0.0229445506692161	0.010989010989011	0.0285714285714286	0.0257510729613734	0.0152284263959391	0.0258175559380379	0.0255102040816327	0.0162337662337662
Proliferation	0.010989010989011	0.00974930362116992	0.0115273775216138	0.0103397341211226	0.0101302460202605	0.0128824476650564	0.0120274914089347	0.00846262341325811	0.0164473684210526	0.00951248513674197	0	0.00961538461538462	0.0133037694013304	0.0102040816326531	0.0101419878296146	0.0050251256281407	0.00826446280991736	0.00778210116731518	0.00309597523219814	0.00427350427350427
Quiescence	0.00848656294200849	0.00573065902578797	0.00741839762611276	0.00762195121951219	0.00746268656716418	0.00831946755407654	0.00711743772241993	0.00727802037845706	0.00704225352112676	0.00731707317073171	0.00318471337579618	0.00707213578500707	0.0116550116550117	0.0174418604651163	0.00849256900212314	0.00533333333333333	0	0.0102040816326531	0.0134680134680135	0.0192307692307692
Stemness	0.00746268656716418	0.0101137800252845	0.0104166666666667	0.00932090545938748	0.0104712041884817	0.00716332378223496	0.0091324200913242	0.00895140664961637	0.00789473684210526	0.00984682713347921	0.0024330900243309	0.00872817955112219	0.0114285714285714	0.00740740740740741	0.0106007067137809	0.00423728813559322	0	0.0102389078498294	0.00759493670886076	0.00324675324675325
core_fitness	0.0618921308576481	0.0606060606060606	0.0580235720761559	0.0589861751152074	0.0543970988213962	0.058027079303675	0.054	0.0545129579982127	0.0417227456258412	0.0622473726758286	0.0374677002583979	0.054481546572935	0.0477272727272727	0.0263157894736842	0.044468546637744	0.0359281437125748	0.00686106346483705	0.0424178154825027	0.0286831812255541	0.0204081632653061
Oncogene	0.044362292051756	0.0382244143033292	0.0433417085427136	0.0405319822672578	0.0441083805923125	0.0372305682560418	0.0333778371161549	0.0391061452513966	0.0192926045016077	0.0456911509543088	0.0156617071260767	0.0379901960784314	0.0335766423357664	0.00871839581517001	0.0340667139815472	0.0272108843537415	0.00558139534883721	0.0256944444444444	0.0264	0.0161702127659574
Driver	0.0181818181818182	0.0184119677790564	0.0201183431952663	0.0205562273276904	0.0202140309155767	0.0141388174807198	0.0149051490514905	0.0174418604651163	0.0107758620689655	0.0171370967741935	0.00606060606060606	0.0158910329171396	0.0198347107438017	0.0141643059490085	0.0201550387596899	0.0126582278481013	0	0.00892857142857143	0.0168067226890756	0.0128205128205128
Tumor_Suppressor	0.0262143407864302	0.0264385692068429	0.0342902711323764	0.0297906602254428	0.0286396181384248	0.0259849119865884	0.0259965337954939	0.029874213836478	0.0191657271702368	0.0299572039942939	0.0108342361863489	0.02861562258314	0.0253411306042885	0.0114795918367347	0.0243673851921275	0.0205128205128205	0.00561009817671809	0.0220385674931129	0.0245261984392419	0.0109622411693057
lung_fitness	0.0574863387978142	0.0597145993413831	0.0544337137840211	0.0572122818643693	0.0514786418400876	0.0515670148921983	0.0470982142857143	0.0542788356314292	0.0231964741359313	0.0693304535637149	0.0242214532871972	0.0570367132867133	0.0344905831631495	0.0129564193168433	0.0355695632597929	0.0243458475540387	0.00308715269532178	0.0375028070963395	0.0207564575645756	0.0111914199114013
lung_ctg	0	0	0	0	0	0	0	0	0	0	0	0	0	0	0	0	0	0	0	0
