TH217_1	TH217_2	TH217_3	TH217_4
Angiogenesis	0	0	0	0
Apoptosis	0	0	0.0078125	0
Cell_Cycle	0	0	0	0
Differentiation	0	0	0.0114942528735632	0
DNA_damage	0	0	0.00584795321637427	0
DNA_repair	0	0	0.00552486187845304	0
EMT	0	0	0	0
Hypoxia	0	0	0	0
Inflammation	0	0	0.00574712643678161	0
Invasion	0	0	0	0
Metastasis	0.00568181818181818	0	0.00881057268722467	0
Proliferation	0	0	0	0
Quiescence	0	0	0.0158730158730159	0
Stemness	0	0	0.00446428571428571	0
core_fitness	0	0	0.0065359477124183	0
Oncogene	0	0	0.0100090991810737	0
Driver	0	0	0.0163398692810458	0
Tumor_Suppressor	0	0	0.0122116689280868	0
lung_fitness	0.000953061710745771	0.000476871721506915	0.00448748228625413	0.000238492725971858
lung_ctg	0	0	0	0
