TH225_1	TH225_2	TH225_3	TH225_4	TH225_5	TH225_6	TH225_7	TH225_8	TH225_9	TH225_10	TH225_11	TH225_12	TH225_13
Angiogenesis	0.0159362549800797	0.00459418070444104	0	0	0.00342465753424658	0.0105540897097625	0	0.00836820083682008	0.00510204081632653	0.0119760479041916	0	0.00306748466257669	0.00561797752808989
Apoptosis	0.00809716599190283	0.00849420849420849	0.0078125	0	0.0177304964539007	0.0106382978723404	0	0.0217391304347826	0.00526315789473684	0	0.0106382978723404	0.0158227848101266	0.00859598853868195
Cell_Cycle	0	0.00511322132943755	0	0	0.0142045454545455	0.00728155339805825	0	0.00993377483443709	0.00772200772200772	0.00431034482758621	0.00775193798449612	0.00256410256410256	0.00476190476190476
Differentiation	0.00523560209424084	0.00769230769230769	0.00763358778625954	0.00393700787401575	0.0144230769230769	0.0158910329171396	0.0034965034965035	0.00543478260869565	0.00307692307692308	0.00336700336700337	0.0093167701863354	0.00884955752212389	0.00412371134020619
DNA_damage	0.020979020979021	0.0135236664162284	0.0238095238095238	0.01875	0.03125	0.0164556962025316	0.00515463917525773	0.0072463768115942	0.0308370044052863	0.0147783251231527	0.0130434782608696	0.0167597765363128	0.0154241645244216
DNA_repair	0.00666666666666667	0.00666666666666667	0.00552486187845304	0	0.0119047619047619	0.00743494423791822	0	0.0140845070422535	0.00411522633744856	0	0.00413223140495868	0.00268096514745308	0.00746268656716418
EMT	0.00367647058823529	0.00226073850791258	0.00657894736842105	0	0.00647249190938511	0.00384122919334187	0	0	0	0.00537634408602151	0	0.0087719298245614	0.010752688172043
Hypoxia	0.00760456273764259	0.00916030534351145	0.00694444444444444	0.00740740740740741	0	0.00779220779220779	0	0.0161943319838057	0.00485436893203883	0	0.0048780487804878	0.00597014925373134	0.00546448087431694
Inflammation	0.00340136054421769	0.00595238095238095	0.0174418604651163	0.0121951219512195	0.00604229607250755	0.00498753117206983	0	0.00357142857142857	0	0.00480769230769231	0	0	0.00251889168765743
Invasion	0.0072202166064982	0.00375657400450789	0	0.00671140939597315	0.00634920634920635	0.0076530612244898	0.00552486187845304	0	0.0091324200913242	0.00520833333333333	0.00917431192660551	0.00862068965517241	0.0105820105820106
Metastasis	0.0294985250737463	0.0203193033381713	0.0223214285714286	0.00917431192660551	0.0211081794195251	0.0238095238095238	0.0161290322580645	0.0213414634146341	0.0319148936170213	0.02734375	0.0211267605633803	0.0293398533007335	0.018018018018018
Proliferation	0.00743494423791822	0.00529901589704769	0	0.00709219858156028	0.00651465798045603	0.0051413881748072	0.00578034682080925	0.00390625	0.00471698113207547	0.0109289617486339	0.0143540669856459	0.00586510263929619	0.00268096514745308
Quiescence	0	0.00307455803228286	0	0	0	0.00264200792602378	0	0	0	0	0	0	0
Stemness	0	0.00863309352517986	0.00446428571428571	0	0.00261780104712042	0.00587544065804935	0.00404858299595142	0.00303030303030303	0	0.00387596899224806	0	0.00240384615384615	0.00223713646532438
core_fitness	0.0264993026499303	0.0590667454223272	0.00983606557377049	0.0150501672240803	0.0347593582887701	0.0443886097152429	0.0126782884310618	0.0358680057388809	0.0226244343891403	0.0220125786163522	0.0165165165165165	0.0306122448979592	0.0383663366336634
Oncogene	0.0131795716639209	0.0597775718257646	0.0109289617486339	0.00731930466605672	0.024232633279483	0.0538740920096852	0.00890471950133571	0.0175732217573222	0.0155979202772964	0.00970873786407767	0.0147313691507799	0.0211764705882353	0.0230237912509593
Driver	0.00700934579439252	0.0205761316872428	0	0.00666666666666667	0.00643776824034335	0.0161812297734628	0	0.0121359223300971	0.0135869565217391	0.0087719298245614	0.0108695652173913	0.0120724346076459	0.0113636363636364
Tumor_Suppressor	0.00814901047729918	0.0344271113501883	0.0094722598105548	0.00958904109589041	0.0100558659217877	0.0253164556962025	0	0.00353356890459364	0.0062266500622665	0.00905562742561449	0.00875	0.00643776824034335	0.0146596858638743
lung_fitness	0.0195849848449522	0.100973236009732	0.00638902035021297	0.00568720379146919	0.0196486361534905	0.0626631853785901	0.00635443633796187	0.0194106641721235	0.0114861697140178	0.0101319509896324	0.0110147644715257	0.0241935483870968	0.0284926470588235
lung_ctg	0	0	0	0	0	0.00116550116550117	0	0	0	0	0	0	0
