TH226_1	TH226_2	TH226_3	TH226_4	TH226_5	TH226_6	TH226_7	TH226_8	TH226_9	TH226_10	TH226_11	TH226_12	TH226_13	TH226_14	TH226_15	TH226_16	TH226_17	TH226_18	TH226_19	TH226_20	TH226_21	TH226_22	TH226_23	TH226_24	TH226_25	TH226_26	TH226_27	TH226_28
Angiogenesis	0	0.00864553314121038	0.00633713561470215	0.00567375886524823	0.00828729281767956	0	0.00237529691211401	0.00458715596330275	0.00746268656716418	0.00747663551401869	0.00631911532385466	0.00487012987012987	0	0	0	0.00471698113207547	0	0.0051413881748072	0.00894454382826476	0	0.0099009900990099	0.00840336134453781	0	0	0	0	0	0
Apoptosis	0	0	0.00638569604086846	0.00572246065808298	0	0	0.00483091787439614	0	0.00149700598802395	0.0018796992481203	0.00158730158730159	0.00656814449917898	0	0	0.00515463917525773	0.00485436893203883	0.00826446280991736	0.00785340314136126	0.0072202166064982	0	0	0	0	0	0	0	0	0
Cell_Cycle	0	0.00242130750605327	0.00941176470588235	0.00651041666666667	0.00468384074941452	0.00555555555555556	0.0062111801242236	0	0.00818553888130969	0.00836120401337793	0.00718390804597701	0.00589101620029455	0	0	0	0	0	0.00663716814159292	0.0048	0	0	0	0	0	0	0	0	0
Differentiation	0.0043859649122807	0.00842105263157895	0.0109529025191676	0.0108564535585042	0.0102249488752556	0.00408163265306122	0.00731261425959781	0.0145772594752187	0.0100502512562814	0.0121212121212121	0.00657030223390276	0.00808625336927224	0	0.00888888888888889	0	0.00884955752212389	0.00390625	0.00775193798449612	0.00873362445414847	0	0.00873362445414847	0.00809716599190283	0	0	0	0	0	0
DNA_damage	0	0.010443864229765	0.00605326876513317	0.0094722598105548	0.0100502512562814	0.0065359477124183	0.0177383592017738	0.0158730158730159	0.0099290780141844	0.00875656742556918	0.00898203592814371	0.0107858243451464	0	0.0150375939849624	0.00421940928270042	0.0245901639344262	0.00609756097560976	0.0166270783847981	0.0117845117845118	0	0.0072463768115942	0.00641025641025641	0	0	0	0	0	0
DNA_repair	0	0.00252525252525253	0.0108173076923077	0.0120481927710843	0.00980392156862745	0	0.0107758620689655	0.00377358490566038	0.0126227208976157	0.0103448275862069	0.0148367952522255	0.00909090909090909	0	0	0.00404858299595142	0.0116731517509728	0	0.00689655172413793	0.00991735537190083	0	0	0	0	0	0	0	0	0
EMT	0	0.010989010989011	0.00619578686493185	0.00832177531206657	0.005249343832021	0.00746268656716418	0.0045662100456621	0.00423728813559322	0.00726744186046512	0.00905797101449275	0.00614439324116743	0.00473186119873817	0	0.00869565217391304	0.00458715596330275	0.00873362445414847	0.00689655172413793	0.00738916256157635	0.0121739130434783	0	0	0	0	0	0	0	0	0
Hypoxia	0.00917431192660551	0.0169491525423729	0.0125944584382872	0.0155367231638418	0.0135135135135135	0.016	0.00934579439252336	0.0132743362831858	0.0148148148148148	0.0166666666666667	0.0156985871271586	0.00801282051282051	0.0113636363636364	0.00934579439252336	0.00956937799043062	0.00904977375565611	0.0147058823529412	0.00753768844221105	0.00701754385964912	0.0112359550561798	0.00900900900900901	0.015625	0	0	0.0114942528735632	0.0113636363636364	0	0
Inflammation	0	0.00515463917525773	0.00846432889963724	0.00536912751677852	0.00247524752475248	0	0.00216919739696312	0.00778210116731518	0.00562587904360056	0.00346620450606586	0.00594353640416048	0.00610687022900763	0	0.0072992700729927	0	0.012	0.00598802395209581	0.00466200466200466	0.00666666666666667	0	0	0.0126582278481013	0	0	0	0	0	0
Invasion	0	0.0108108108108108	0.00738916256157635	0.00964187327823691	0.0156657963446475	0.00714285714285714	0.00677200902934537	0.00413223140495868	0.0115774240231548	0.0107719928186715	0.0122511485451761	0.0046875	0	0	0.0180995475113122	0.0128205128205128	0.00662251655629139	0.00484261501210654	0.00684931506849315	0	0.008	0	0.0101010101010101	0	0	0	0	0
Metastasis	0	0.0301624129930394	0.018348623853211	0.0229299363057325	0.0245535714285714	0.00956937799043062	0.0137524557956778	0.0162337662337662	0.0253333333333333	0.0275974025974026	0.0223776223776224	0.0171184022824536	0	0.0105263157894737	0.013745704467354	0.0132013201320132	0	0.0167714884696017	0.0185758513931889	0	0.0208333333333333	0.00943396226415094	0	0	0	0.00581395348837209	0	0
Proliferation	0	0.0138504155124654	0.0112359550561798	0.0125698324022346	0.0106100795755968	0	0.00689655172413793	0.00427350427350427	0.0131964809384164	0.0127737226277372	0.0108359133126935	0.0063391442155309	0	0	0	0.0043859649122807	0	0.00742574257425743	0.00694444444444444	0	0	0	0	0	0	0.0106382978723404	0	0
Quiescence	0.0108695652173913	0.00292397660818713	0.00510855683269476	0.00429184549356223	0.00845070422535211	0	0.00241545893719807	0.004739336492891	0.00602409638554217	0.0056710775047259	0.00638977635782748	0.0016366612111293	0	0	0	0.0048780487804878	0.00833333333333333	0	0.00179856115107914	0	0.0106382978723404	0.00892857142857143	0	0	0	0	0	0
Stemness	0	0.0185185185185185	0.0137614678899083	0.0113924050632911	0.0133630289532294	0.00485436893203883	0.00986193293885602	0.0131147540983607	0.0145888594164456	0.0128824476650564	0.0111265646731572	0.0114122681883024	0	0.010752688172043	0	0.01	0.00925925925925926	0.0126315789473684	0.015527950310559	0	0	0.00478468899521531	0	0	0	0.00595238095238095	0	0
core_fitness	0.00172413793103448	0.0310173697270471	0.0493827160493827	0.0549645390070922	0.0483271375464684	0.00673400673400673	0.0487804878048781	0.0294117647058824	0.0547445255474453	0.0526315789473684	0.0577105014191107	0.0466222645099905	0.00178890876565295	0.00173010380622837	0.0133729569093611	0.029673590504451	0.00827814569536424	0.0356294536817102	0.045	0.00178571428571429	0.00344234079173838	0.0134907251264755	0	0.003584229390681	0	0	0.00180831826401447	0
Oncogene	0.00373482726423903	0.0263361735089078	0.0375366568914956	0.0363076923076923	0.0244648318042813	0.00275482093663912	0.021945866861741	0.0127226463104326	0.0364321608040201	0.0355677154582763	0.0379909851899549	0.0283870967741936	0	0.00280373831775701	0.00944206008583691	0.0127877237851662	0.00363967242948135	0.0194029850746269	0.0280561122244489	0.00189933523266857	0.00654205607476636	0.00550964187327824	0.00190657769304099	0.000949667616334283	0.000950570342205323	0	0.000955109837631328	0
Driver	0	0.00959692898272553	0.0104166666666667	0.0125858123569794	0.00185185185185185	0	0.00335570469798658	0.00253807106598985	0.00948991696322657	0.00846262341325811	0.0086848635235732	0.00888324873096447	0	0.00366300366300366	0	0	0	0.00353982300884956	0.012311901504788	0	0	0	0	0	0	0	0	0
Tumor_Suppressor	0.00565770862800566	0.0256136606189968	0.0210755813953488	0.0224632068164214	0.0145530145530146	0.00413793103448276	0.0127450980392157	0.0097323600973236	0.025518341307815	0.0176991150442478	0.0254724732949877	0.0165289256198347	0	0.00424929178470255	0.00995024875621891	0.00980392156862745	0.0054421768707483	0.0110998990918264	0.0164359861591695	0.00290275761973875	0.00422535211267606	0.00550206327372765	0	0	0.00145348837209302	0	0	0.00146198830409357
lung_fitness	0.00333016175071361	0.026182820395039	0.0583925878043525	0.0534701003928416	0.0298644612910636	0.00403034613560929	0.0329920364050057	0.0161668228678538	0.051327045404694	0.0409029950827	0.0489741892786234	0.0512649800266312	0.000476758045292014	0.00190114068441065	0.0117123448114312	0.013810861423221	0.00497041420118343	0.0289821999087175	0.0416017797552836	0.000476644423260248	0.00189933523266857	0.00593401376691194	0.000238492725971858	0.000715307582260372	0.000476871721506915	0.000953970903887431	0.000238663484486874	0
lung_ctg	0	0	0	0	0	0	0	0	0	0	0	0	0	0	0	0	0	0	0	0	0	0	0	0	0	0	0	0
