TH238_1	TH238_2	TH238_3	TH238_4	TH238_5	TH238_6	TH238_7	TH238_8	TH238_9	TH238_10	TH238_11	TH238_12	TH238_13	TH238_14
Angiogenesis	0.00883838383838384	0.00596421471172962	0.00628140703517588	0.00817757009345794	0.00631768953068592	0.00815660685154975	0	0.00454545454545455	0	0.00606673407482305	0.0024330900243309	0.00814663951120163	0.00317460317460317	0
Apoptosis	0.00634517766497462	0.0141987829614604	0.00888324873096447	0.0118063754427391	0.00909918107370337	0.00823723228995058	0.00680272108843537	0.0116009280742459	0.0141843971631206	0.0102145045965271	0.015	0.0102669404517454	0.00649350649350649	0
Cell_Cycle	0.00700116686114352	0.00175746924428822	0.00933488914819136	0.00760869565217391	0.00855431993156544	0.00589970501474926	0	0.00596421471172962	0	0.00761179828734539	0.00421940928270042	0.00764818355640535	0.00529100529100529	0
Differentiation	0.00869565217391304	0.00793650793650794	0.00977198697068404	0.00813008130081301	0.00810372771474878	0.00809716599190283	0.00354609929078014	0.00528169014084507	0.0036101083032491	0.00897666068222621	0.00371057513914657	0.0072007200720072	0.00678733031674208	0
DNA_damage	0.0108827085852479	0.0130597014925373	0.0108564535585042	0.0123734533183352	0.0114135206321334	0.0108024691358025	0.0159574468085106	0.0105485232067511	0.00540540540540541	0.0127576054955839	0.0112612612612613	0.0138203356367226	0.0114613180515759	0.0158730158730159
DNA_repair	0.00594530321046373	0.00912408759124088	0.00832342449464923	0.00552486187845304	0.00868055555555556	0.00605143721633888	0	0.00824742268041237	0.0103092783505155	0.00773694390715667	0.00657894736842105	0.00679611650485437	0.00554016620498615	0
EMT	0.0111386138613861	0.00575815738963532	0.00986436498150432	0.00916380297823597	0.00980392156862745	0.00952380952380952	0	0.0087719298245614	0	0.00997008973080758	0.00233100233100233	0.00900900900900901	0.003003003003003	0
Hypoxia	0.0125156445556946	0.0117647058823529	0.0112219451371571	0.0115874855156431	0.00987432675044883	0.0112721417069243	0	0.0111856823266219	0.00632911392405063	0.00903614457831325	0.0119904076738609	0.0101010101010101	0.00617283950617284	0
Inflammation	0.0108433734939759	0.0148698884758364	0.014475271411339	0.0123318385650224	0.00873362445414847	0.010752688172043	0.0104166666666667	0.0168776371308017	0	0.00975609756097561	0.00221729490022173	0.0107948969578018	0.0171428571428571	0.00769230769230769
Invasion	0.00734394124847001	0.00569259962049336	0.00855745721271394	0.00566893424036281	0.00529567519858782	0.00784929356357928	0.00564971751412429	0.0108459869848156	0	0.00493096646942801	0.00460829493087558	0.00695134061569017	0.00890207715133531	0
Metastasis	0.0276179516685846	0.0204081632653061	0.0275545350172216	0.0213447171824973	0.0254452926208651	0.0200573065902579	0.00404858299595142	0.0248565965583174	0.00413223140495868	0.0244590780809031	0.0201612903225806	0.0255439924314096	0.0224438902743142	0.00543478260869565
Proliferation	0.00617283950617284	0.00578034682080925	0.0061576354679803	0.00457142857142857	0.0044404973357016	0.00316455696202532	0	0.0043859649122807	0.0122699386503067	0.00397219463753724	0.00469483568075117	0.004995004995005	0.00606060606060606	0
Quiescence	0.00763358778625954	0.00604838709677419	0.00761421319796954	0.00705882352941176	0.00727272727272727	0.00493421052631579	0.00684931506849315	0.00694444444444444	0	0.00713557594291539	0.00247524752475248	0.00717213114754098	0.00324675324675325	0
Stemness	0.0102272727272727	0.0153321976149915	0.0148063781321185	0.0170757737459979	0.0143097643097643	0.0143266475644699	0.00826446280991736	0.0094876660341556	0	0.0111835973904939	0.004	0.0169491525423729	0.00995024875621891	0.00555555555555556
core_fitness	0.0466067048242028	0.0477707006369427	0.0431244914564687	0.05	0.0493096646942801	0.049665711556829	0.0209003215434084	0.0441176470588235	0.0177705977382876	0.0438472418670438	0.0383720930232558	0.0507142857142857	0.0297157622739018	0.00350877192982456
Oncogene	0.0459905660377358	0.0327754532775453	0.0440917107583774	0.0431328036322361	0.051307847082495	0.0350877192982456	0.0116487455197133	0.0358187134502924	0.00716845878136201	0.0445387062566278	0.0243722304283604	0.0491190603310198	0.0328	0.000938967136150235
Driver	0.0177453027139875	0.0118694362017804	0.0177083333333333	0.0196270853778214	0.0181388012618297	0.0166453265044814	0	0.0164473684210526	0.00308641975308642	0.0182608695652174	0.00857632933104631	0.0201224846894138	0.0102669404517454	0
Tumor_Suppressor	0.0284463894967177	0.0210237659963437	0.0291545189504373	0.0257480862908838	0.031679617453676	0.0233139050791007	0.00657894736842105	0.0223300970873786	0.00396301188903567	0.0294871794871795	0.017910447761194	0.0322372662798195	0.017563117453348	0
lung_fitness	0.0569647463456578	0.0379349046015713	0.0567132116004296	0.066823730991647	0.0776359143327842	0.0489479512735327	0.0101678883896902	0.0321412403802626	0.00779404818138876	0.0703370316097969	0.0300136425648022	0.069738219895288	0.0195447229248103	0.00166587339362208
lung_ctg	0	0	0	0	0	0	0	0	0	0	0	0	0	0
