TH266_1	TH266_2	TH266_3	TH266_4	TH266_5	TH266_6	TH266_7	TH266_8	TH266_9	TH266_10	TH266_11
Angiogenesis	0.00628930817610063	0.00323624595469256	0	0	0.0053475935828877	0.0037037037037037	0.0078740157480315	0.00594648166501487	0	0.00478468899521531	0.00387596899224806
Apoptosis	0.00636942675159236	0.0033003300330033	0	0.0112359550561798	0.00359712230215827	0	0.00401606425702811	0.00799200799200799	0	0	0
Cell_Cycle	0.0111524163568773	0.00268096514745308	0.0048780487804878	0	0.00641025641025641	0	0	0.00652985074626866	0	0	0.0031055900621118
Differentiation	0.00495049504950495	0.00919540229885057	0.0037037037037037	0.00318471337579618	0.0131578947368421	0.0050251256281407	0.0131578947368421	0.0141843971631206	0.0036101083032491	0.0119402985074627	0.00518134715025907
DNA_damage	0.0117416829745597	0.00579710144927536	0.0228571428571429	0.0136363636363636	0.0169204737732657	0.0198675496688742	0.00687285223367698	0.0154440154440154	0.0108695652173913	0.0122950819672131	0.0102389078498294
DNA_repair	0.0134615384615385	0.0113314447592068	0	0.00431034482758621	0.00991735537190083	0.00632911392405063	0.01	0.0123927550047664	0	0	0.0132450331125828
EMT	0.0101419878296146	0.00613496932515337	0.0126582278481013	0.0099009900990099	0.0139372822299652	0.0176056338028169	0.0148148148148148	0.00682261208576998	0.00602409638554217	0.0133333333333333	0.00727272727272727
Hypoxia	0.00409836065573771	0.00313479623824451	0	0.00512820512820513	0.00525394045534151	0.00357142857142857	0.00377358490566038	0.00490196078431373	0	0.0185185185185185	0.00373134328358209
Inflammation	0.0116731517509728	0.0174418604651163	0	0.0272727272727273	0.0202702702702703	0.019672131147541	0.0206896551724138	0.0153994225216554	0.0216216216216216	0.00806451612903226	0.00673400673400673
Invasion	0.0120481927710843	0.00906344410876133	0.0184049079754601	0.0194174757281553	0.0137931034482759	0.0172413793103448	0.0181818181818182	0.00971817298347911	0.0176470588235294	0.012987012987013	0.014336917562724
Metastasis	0.015929203539823	0.017632241813602	0.0172413793103448	0.0144927536231884	0.0217391304347826	0.0339943342776204	0.0204081632653061	0.0174311926605505	0.00413223140495868	0.0410958904109589	0.0261627906976744
Proliferation	0.00202020202020202	0.00307692307692308	0	0.01	0.00694444444444444	0.0034965034965035	0	0.00291828793774319	0	0.00444444444444444	0.00364963503649635
Quiescence	0.00424628450106157	0.0033112582781457	0	0	0.00723327305605787	0	0	0.008	0	0	0
Stemness	0.00706713780918728	0.0126582278481013	0.00432900432900433	0.0147058823529412	0.00925925925925926	0.00837988826815642	0.0087463556851312	0.0128322639780018	0.00843881856540084	0.00671140939597315	0.0028735632183908
core_fitness	0.056043956043956	0.0380577427821522	0.0113636363636364	0.013677811550152	0.0470941883767535	0.0343878954607978	0.0278940027894003	0.0535211267605634	0.0128617363344051	0.0237037037037037	0.0220994475138122
Oncogene	0.0385438972162741	0.0182250396196513	0.0117753623188406	0.0113240418118467	0.0363636363636364	0.0213114754098361	0.0215767634854772	0.0490247759620453	0.00716845878136201	0.016295025728988	0.0181518151815182
Driver	0.0107858243451464	0.0167364016736402	0.00315457413249211	0.00277008310249307	0.0178817056396149	0.0113122171945701	0.0117096018735363	0.0214408233276158	0.00308641975308642	0.0131233595800525	0.013986013986014
Tumor_Suppressor	0.015828677839851	0.0143171806167401	0.00803212851405622	0.00886075949367089	0.0173160173160173	0.0137931034482759	0.0116686114352392	0.021356783919598	0.00662251655629139	0.00489596083231334	0.0211267605633803
lung_fitness	0.0400361909070346	0.0247627863920389	0.00709219858156028	0.010565860530641	0.0478961504028648	0.0233154581487526	0.0191053122087605	0.0863492063492064	0.00731822474032106	0.012871518839223	0.0169609665427509
lung_ctg	0	0	0	0	0	0	0	0	0	0	0
